1
6
17
34
57
86
121
162
209
262
321
386
457
534
617
706
801
902
1009
1122
1241
1366
1497
1634
1777
1926
2081
2242
2409
2582
2761
2946
3137
3334
3537
3746
3961
4182
4409
4642
4881
5126
5377
5634
5897
6166
6441
6722
7009
7302
7601
7906
8217
8534
8857
9186
9521
9862
10209
10562
10921
11286
11657
12034
12417
12806
13201
13602
14009
14422
14841
15266
15697
16134
16577
17026
17481
17942
18409
18882
19361
19846
20337
20834
21337
21846
22361
22882
23409
23942
24481
25026
25577
26134
26697
27266
27841
28422
29009
29602
30201
30806
31417
32034
32657
33286
33921
34562
35209
35862
36521
37186
37857
38534
39217
39906
40601
41302
42009
42722
43441
44166
44897
45634
46377
47126
47881
48642
49409
50182
50961
51746
52537
53334
54137
54946
55761
56582
57409
58242
59081
59926
60777
61634
62497
63366
64241
65122
66009
66902
67801
68706
69617
70534
71457
72386
73321
74262
75209
76162
77121
78086
79057
80034
81017
82006
83001
84002
85009
86022
87041
88066
89097
90134
91177
92226
93281
94342
95409
96482
97561
98646
99737
100834
101937
103046
104161
105282
106409
107542
108681
109826
110977
112134
113297
114466
115641
116822
118009
119202
120401
121606
122817
124034
125257
126486
127721
128962
130209
131462
132721
133986
135257
136534
137817
139106
140401
141702
143009
144322
145641
146966
148297
149634
150977
152326
153681
155042
156409
157782
159161
160546
161937
163334
164737
166146
167561
168982
170409
171842
173281
174726
176177
177634
179097
180566
182041
183522
185009
186502
188001
189506
191017
192534
194057
195586
197121
198662
200209
201762
203321
204886
206457
208034
209617
211206
212801
214402
216009
217622
219241
220866
222497
224134
225777
227426
229081
230742
232409
234082
235761
237446
239137
240834
242537
244246
245961
247682
249409
251142
252881
254626
256377
258134
259897
261666
263441
265222
267009
268802
270601
272406
274217
276034
277857
279686
281521
283362
285209
287062
288921
290786
292657
294534
296417
298306
300201
302102
304009
305922
307841
309766
311697
313634
315577
317526
319481
321442
323409
325382
327361
329346
331337
333334
335337
337346
339361
341382
343409
345442
347481
349526
351577
353634
355697
357766
359841
361922
364009
366102
368201
370306
372417
374534
376657
378786
380921
383062
385209
387362
389521
391686
393857
396034
398217
400406
402601
404802
407009
409222
411441
413666
415897
418134
420377
422626
424881
427142
429409
431682
433961
436246
438537
440834
443137
445446
447761
450082
452409
454742
457081
459426
461777
464134
466497
468866
471241
473622
476009
478402
480801
483206
485617
488034
490457
492886
495321
497762
500209
502662
505121
507586
510057
512534
515017
517506
520001
522502
525009
527522
530041
532566
535097
537634
540177
542726
545281
547842
550409
552982
555561
558146
560737
563334
565937
568546
571161
573782
576409
579042
581681
584326
586977
589634
592297
594966
597641
600322
603009
605702
608401
611106
613817
616534
619257
621986
624721
627462
630209
632962
635721
638486
641257
644034
646817
649606
652401
655202
658009
660822
663641
666466
669297
672134
674977
677826
680681
683542
686409
689282
692161
695046
697937
700834
703737
706646
709561
712482
715409
718342
721281
724226
727177
730134
733097
736066
739041
742022
745009
748002
751001
754006
757017
760034
763057
766086
769121
772162
775209
778262
781321
784386
787457
790534
793617
796706
799801
802902
806009
809122
812241
815366
818497
821634
824777
827926
831081
834242
837409
840582
843761
846946
850137
853334
856537
859746
862961
866182
869409
872642
875881
879126
882377
885634
888897
892166
895441
898722
902009
905302
908601
911906
915217
918534
921857
925186
928521
931862
935209
938562
941921
945286
948657
952034
955417
958806
962201
965602
969009
972422
975841
979266
982697
986134
989577
993026
996481
999942
1003409
1006882
1010361
1013846
1017337
1020834
1024337
1027846
1031361
1034882
1038409
1041942
1045481
1049026
1052577
1056134
1059697
1063266
1066841
1070422
1074009
1077602
1081201
1084806
1088417
1092034
1095657
1099286
1102921
1106562
1110209
1113862
1117521
1121186
1124857
1128534
1132217
1135906
1139601
1143302
1147009
1150722
1154441
1158166
1161897
1165634
1169377
1173126
1176881
1180642
1184409
1188182
1191961
1195746
1199537
1203334
1207137
1210946
1214761
1218582
1222409
1226242
1230081
1233926
1237777
1241634
1245497
1249366
1253241
1257122
1261009
1264902
1268801
1272706
1276617
1280534
1284457
1288386
1292321
1296262
1300209
1304162
1308121
1312086
1316057
1320034
1324017
1328006
1332001
1336002
1340009
1344022
1348041
1352066
1356097
1360134
1364177
1368226
1372281
1376342
1380409
1384482
1388561
1392646
1396737
1400834
1404937
1409046
1413161
1417282
1421409
1425542
1429681
1433826
1437977
1442134
1446297
1450466
1454641
1458822
1463009
1467202
1471401
1475606
1479817
1484034
1488257
1492486
1496721
1500962
1505209
1509462
1513721
1517986
1522257
1526534
1530817
1535106
1539401
1543702
1548009
1552322
1556641
1560966
1565297
1569634
1573977
1578326
1582681
1587042
1591409
1595782
1600161
1604546
1608937
1613334
1617737
1622146
1626561
1630982
1635409
1639842
1644281
1648726
1653177
1657634
1662097
1666566
1671041
1675522
1680009
1684502
1689001
1693506
1698017
1702534
1707057
1711586
1716121
1720662
1725209
1729762
1734321
1738886
1743457
1748034
1752617
1757206
1761801
1766402
1771009
1775622
1780241
1784866
1789497
1794134
1798777
1803426
1808081
1812742
1817409
1822082
1826761
1831446
1836137
1840834
1845537
1850246
1854961
1859682
1864409
1869142
1873881
1878626
1883377
1888134
1892897
1897666
1902441
1907222
1912009
1916802
1921601
1926406
1931217
1936034
1940857
1945686
1950521
1955362
1960209
1965062
1969921
1974786
1979657
1984534
1989417
1994306
1999201
2004102
2009009
2013922
2018841
2023766
2028697
2033634
2038577
2043526
2048481
2053442
2058409
2063382
2068361
2073346
2078337
2083334
2088337
2093346
2098361
2103382
2108409
2113442
2118481
2123526
2128577
2133634
2138697
2143766
2148841
2153922
2159009
2164102
2169201
2174306
2179417
2184534
2189657
2194786
2199921
2205062
2210209
2215362
2220521
2225686
2230857
2236034
2241217
2246406
2251601
2256802
2262009
2267222
2272441
2277666
2282897
2288134
2293377
2298626
2303881
2309142
2314409
2319682
2324961
2330246
2335537
2340834
2346137
2351446
2356761
2362082
2367409
2372742
2378081
2383426
2388777
2394134
2399497
2404866
2410241
2415622
2421009
2426402
2431801
2437206
2442617
2448034
2453457
2458886
2464321
2469762
2475209
2480662
2486121
2491586
2497057
2502534
2508017
2513506
2519001
2524502
2530009
2535522
2541041
2546566
2552097
2557634
2563177
2568726
2574281
2579842
2585409
2590982
2596561
2602146
2607737
2613334
2618937
2624546
2630161
2635782
2641409
2647042
2652681
2658326
2663977
2669634
2675297
2680966
2686641
2692322
2698009
2703702
2709401
2715106
2720817
2726534
2732257
2737986
2743721
2749462
2755209
2760962
2766721
2772486
2778257
2784034
2789817
2795606
2801401
2807202
2813009
2818822
2824641
2830466
2836297
2842134
2847977
2853826
2859681
2865542
2871409
2877282
2883161
2889046
2894937
2900834
2906737
2912646
2918561
2924482
2930409
2936342
2942281
2948226
2954177
2960134
2966097
2972066
2978041
2984022
2990009
2996002
3002001
3008006
3014017
3020034
3026057
3032086
3038121
3044162
3050209
3056262
3062321
3068386
3074457
3080534
3086617
3092706
3098801
3104902
3111009
3117122
3123241
3129366
3135497
3141634
3147777
3153926
3160081
3166242
3172409
3178582
3184761
3190946
3197137
3203334
3209537
3215746
3221961
3228182
3234409
3240642
3246881
3253126
3259377
3265634
3271897
3278166
3284441
3290722
3297009
3303302
3309601
3315906
3322217
3328534
3334857
3341186
3347521
3353862
3360209
3366562
3372921
3379286
3385657
3392034
3398417
3404806
3411201
3417602
3424009
3430422
3436841
3443266
3449697
3456134
3462577
3469026
3475481
3481942
3488409
3494882
3501361
3507846
3514337
3520834
3527337
3533846
3540361
3546882
3553409
3559942
3566481
3573026
3579577
3586134
3592697
3599266
3605841
3612422
3619009
3625602
3632201
3638806
3645417
3652034
3658657
3665286
3671921
3678562
3685209
3691862
3698521
3705186
3711857
3718534
3725217
3731906
3738601
3745302
3752009
3758722
3765441
3772166
3778897
3785634
3792377
3799126
3805881
3812642
3819409
3826182
3832961
3839746
3846537
3853334
3860137
3866946
3873761
3880582
3887409
3894242
3901081
3907926
3914777
3921634
3928497
3935366
3942241
3949122
3956009
3962902
3969801
3976706
3983617
3990534
3997457
4004386
4011321
4018262
4025209
4032162
4039121
4046086
4053057
4060034
4067017
4074006
4081001
4088002
4095009
4102022
4109041
4116066
4123097
4130134
4137177
4144226
4151281
4158342
4165409
4172482
4179561
4186646
4193737
4200834
4207937
4215046
4222161
4229282
4236409
4243542
4250681
4257826
4264977
4272134
4279297
4286466
4293641
4300822
4308009
4315202
4322401
4329606
4336817
4344034
4351257
4358486
4365721
4372962
4380209
4387462
4394721
4401986
4409257
4416534
4423817
4431106
4438401
4445702
4453009
4460322
4467641
4474966
4482297
4489634
4496977
4504326
4511681
4519042
4526409
4533782
4541161
4548546
4555937
4563334
4570737
4578146
4585561
4592982
4600409
4607842
4615281
4622726
4630177
4637634
4645097
4652566
4660041
4667522
4675009
4682502
4690001
4697506
4705017
4712534
4720057
4727586
4735121
4742662
4750209
4757762
4765321
4772886
4780457
4788034
4795617
4803206
4810801
4818402
4826009
4833622
4841241
4848866
4856497
4864134
4871777
4879426
4887081
4894742
4902409
4910082
4917761
4925446
4933137
4940834
4948537
4956246
4963961
4971682
4979409
4987142
4994881
5002626
5010377
5018134
5025897
5033666
5041441
5049222
5057009
5064802
5072601
5080406
5088217
5096034
5103857
5111686
5119521
5127362
5135209
5143062
5150921
5158786
5166657
5174534
5182417
5190306
5198201
5206102
5214009
5221922
5229841
5237766
5245697
5253634
5261577
5269526
5277481
5285442
5293409
5301382
5309361
5317346
5325337
5333334
5341337
5349346
5357361
5365382
5373409
5381442
5389481
5397526
5405577
5413634
5421697
5429766
5437841
5445922
5454009
5462102
5470201
5478306
5486417
5494534
5502657
5510786
5518921
5527062
5535209
5543362
5551521
5559686
5567857
5576034
5584217
5592406
5600601
5608802
5617009
5625222
5633441
5641666
5649897
5658134
5666377
5674626
5682881
5691142
5699409
5707682
5715961
5724246
5732537
5740834
5749137
5757446
5765761
5774082
5782409
5790742
5799081
5807426
5815777
5824134
5832497
5840866
5849241
5857622
5866009
5874402
5882801
5891206
5899617
5908034
5916457
5924886
5933321
5941762
5950209
5958662
5967121
5975586
5984057
5992534
6001017
6009506
6018001
6026502
6035009
6043522
6052041
6060566
6069097
6077634
6086177
6094726
6103281
6111842
6120409
6128982
6137561
6146146
6154737
6163334
6171937
6180546
6189161
6197782
6206409
6215042
6223681
6232326
6240977
6249634
6258297
6266966
6275641
6284322
6293009
6301702
6310401
6319106
6327817
6336534
6345257
6353986
6362721
6371462
6380209
6388962
6397721
6406486
6415257
6424034
6432817
6441606
6450401
6459202
6468009
6476822
6485641
6494466
6503297
6512134
6520977
6529826
6538681
6547542
6556409
6565282
6574161
6583046
6591937
6600834
6609737
6618646
6627561
6636482
6645409
6654342
6663281
6672226
6681177
6690134
6699097
6708066
6717041
6726022
6735009
6744002
6753001
6762006
6771017
6780034
6789057
6798086
6807121
6816162
6825209
6834262
6843321
6852386
6861457
6870534
6879617
6888706
6897801
6906902
6916009
6925122
6934241
6943366
6952497
6961634
6970777
6979926
6989081
6998242
7007409
7016582
7025761
7034946
7044137
7053334
7062537
7071746
7080961
7090182
7099409
7108642
7117881
7127126
7136377
7145634
7154897
7164166
7173441
7182722
7192009
7201302
7210601
7219906
7229217
7238534
7247857
7257186
7266521
7275862
7285209
7294562
7303921
7313286
7322657
7332034
7341417
7350806
7360201
7369602
7379009
7388422
7397841
7407266
7416697
7426134
7435577
7445026
7454481
7463942
7473409
7482882
7492361
7501846
7511337
7520834
7530337
7539846
7549361
7558882
7568409
7577942
7587481
7597026
7606577
7616134
7625697
7635266
7644841
7654422
7664009
7673602
7683201
7692806
7702417
7712034
7721657
7731286
7740921
7750562
7760209
7769862
7779521
7789186
7798857
7808534
7818217
7827906
7837601
7847302
7857009
7866722
7876441
7886166
7895897
7905634
7915377
7925126
7934881
7944642
7954409
7964182
7973961
7983746
7993537
8003334
8013137
8022946
8032761
8042582
8052409
8062242
8072081
8081926
8091777
8101634
8111497
8121366
8131241
8141122
8151009
8160902
8170801
8180706
8190617
8200534
8210457
8220386
8230321
8240262
8250209
8260162
8270121
8280086
8290057
8300034
8310017
8320006
8330001
8340002
8350009
8360022
8370041
8380066
8390097
8400134
8410177
8420226
8430281
8440342
8450409
8460482
8470561
8480646
8490737
8500834
8510937
8521046
8531161
8541282
8551409
8561542
8571681
8581826
8591977
8602134
8612297
8622466
8632641
8642822
8653009
8663202
8673401
8683606
8693817
8704034
8714257
8724486
8734721
8744962
8755209
8765462
8775721
8785986
8796257
8806534
8816817
8827106
8837401
8847702
8858009
8868322
8878641
8888966
8899297
8909634
8919977
8930326
8940681
8951042
8961409
8971782
8982161
8992546
9002937
9013334
9023737
9034146
9044561
9054982
9065409
9075842
9086281
9096726
9107177
9117634
9128097
9138566
9149041
9159522
9170009
9180502
9191001
9201506
9212017
9222534
9233057
9243586
9254121
9264662
9275209
9285762
9296321
9306886
9317457
9328034
9338617
9349206
9359801
9370402
9381009
9391622
9402241
9412866
9423497
9434134
9444777
9455426
9466081
9476742
9487409
9498082
9508761
9519446
9530137
9540834
9551537
9562246
9572961
9583682
9594409
9605142
9615881
9626626
9637377
9648134
9658897
9669666
9680441
9691222
9702009
9712802
9723601
9734406
9745217
9756034
9766857
9777686
9788521
9799362
9810209
9821062
9831921
9842786
9853657
9864534
9875417
9886306
9897201
9908102
9919009
9929922
9940841
9951766
9962697
9973634
9984577
9995526
10006481
10017442
10028409
10039382
10050361
10061346
10072337
10083334
10094337
10105346
10116361
10127382
10138409
10149442
10160481
10171526
10182577
10193634
10204697
10215766
10226841
10237922
10249009
10260102
10271201
10282306
10293417
10304534
10315657
10326786
10337921
10349062
10360209
10371362
10382521
10393686
10404857
10416034
10427217
10438406
10449601
10460802
10472009
10483222
10494441
10505666
10516897
10528134
10539377
10550626
10561881
10573142
10584409
10595682
10606961
10618246
10629537
10640834
10652137
10663446
10674761
10686082
10697409
10708742
10720081
10731426
10742777
10754134
10765497
10776866
10788241
10799622
10811009
10822402
10833801
10845206
10856617
10868034
10879457
10890886
10902321
10913762
10925209
10936662
10948121
10959586
10971057
10982534
10994017
11005506
11017001
11028502
11040009
11051522
11063041
11074566
11086097
11097634
11109177
11120726
11132281
11143842
11155409
11166982
11178561
11190146
11201737
11213334
11224937
11236546
11248161
11259782
11271409
11283042
11294681
11306326
11317977
11329634
11341297
11352966
11364641
11376322
11388009
11399702
11411401
11423106
11434817
11446534
11458257
11469986
11481721
11493462
11505209
11516962
11528721
11540486
11552257
11564034
11575817
11587606
11599401
11611202
11623009
11634822
11646641
11658466
11670297
11682134
11693977
11705826
11717681
11729542
11741409
11753282
11765161
11777046
11788937
11800834
11812737
11824646
11836561
11848482
11860409
11872342
11884281
11896226
11908177
11920134
11932097
11944066
11956041
11968022
11980009
11992002
12004001
12016006
12028017
12040034
12052057
12064086
12076121
12088162
12100209
12112262
12124321
12136386
12148457
12160534
12172617
12184706
12196801
12208902
12221009
12233122
12245241
12257366
12269497
12281634
12293777
12305926
12318081
12330242
12342409
12354582
12366761
12378946
12391137
12403334
12415537
12427746
12439961
12452182
12464409
12476642
12488881
12501126
12513377
12525634
12537897
12550166
12562441
12574722
12587009
12599302
12611601
12623906
12636217
12648534
12660857
12673186
12685521
12697862
12710209
12722562
12734921
12747286
12759657
12772034
12784417
12796806
12809201
12821602
12834009
12846422
12858841
12871266
12883697
12896134
12908577
12921026
12933481
12945942
12958409
12970882
12983361
12995846
13008337
13020834
13033337
13045846
13058361
13070882
13083409
13095942
13108481
13121026
13133577
13146134
13158697
13171266
13183841
13196422
13209009
13221602
13234201
13246806
13259417
13272034
13284657
13297286
13309921
13322562
13335209
13347862
13360521
13373186
13385857
13398534
13411217
13423906
13436601
13449302
13462009
13474722
13487441
13500166
13512897
13525634
13538377
13551126
13563881
13576642
13589409
13602182
13614961
13627746
13640537
13653334
13666137
13678946
13691761
13704582
13717409
13730242
13743081
13755926
13768777
13781634
13794497
13807366
13820241
13833122
13846009
13858902
13871801
13884706
13897617
13910534
13923457
13936386
13949321
13962262
13975209
13988162
14001121
14014086
14027057
14040034
14053017
14066006
14079001
14092002
14105009
14118022
14131041
14144066
14157097
14170134
14183177
14196226
14209281
14222342
14235409
14248482
14261561
14274646
14287737
14300834
14313937
14327046
14340161
14353282
14366409
14379542
14392681
14405826
14418977
14432134
14445297
14458466
14471641
14484822
14498009
14511202
14524401
14537606
14550817
14564034
14577257
14590486
14603721
14616962
14630209
14643462
14656721
14669986
14683257
14696534
14709817
14723106
14736401
14749702
14763009
14776322
14789641
14802966
14816297
14829634
14842977
14856326
14869681
14883042
14896409
14909782
14923161
14936546
14949937
14963334
14976737
14990146
15003561
15016982
15030409
15043842
15057281
15070726
15084177
15097634
15111097
15124566
15138041
15151522
15165009
15178502
15192001
15205506
15219017
15232534
15246057
15259586
15273121
15286662
15300209
15313762
15327321
15340886
15354457
15368034
15381617
15395206
15408801
15422402
15436009
15449622
15463241
15476866
15490497
15504134
15517777
15531426
15545081
15558742
15572409
15586082
15599761
15613446
15627137
15640834
15654537
15668246
15681961
15695682
15709409
15723142
15736881
15750626
15764377
15778134
15791897
15805666
15819441
15833222
15847009
15860802
15874601
15888406
15902217
15916034
15929857
15943686
15957521
15971362
15985209
15999062
16012921
16026786
16040657
16054534
16068417
16082306
16096201
16110102
16124009
16137922
16151841
16165766
16179697
16193634
16207577
16221526
16235481
16249442
16263409
16277382
16291361
16305346
16319337
16333334
16347337
16361346
16375361
16389382
16403409
16417442
16431481
16445526
16459577
16473634
16487697
16501766
16515841
16529922
16544009
16558102
16572201
16586306
16600417
16614534
16628657
16642786
16656921
16671062
16685209
16699362
16713521
16727686
16741857
16756034
16770217
16784406
16798601
16812802
16827009
16841222
16855441
16869666
16883897
16898134
16912377
16926626
16940881
16955142
16969409
16983682
16997961
17012246
17026537
17040834
17055137
17069446
17083761
17098082
17112409
17126742
17141081
17155426
17169777
17184134
17198497
17212866
17227241
17241622
17256009
17270402
17284801
17299206
17313617
17328034
17342457
17356886
17371321
17385762
17400209
17414662
17429121
17443586
17458057
17472534
17487017
17501506
17516001
17530502
17545009
17559522
17574041
17588566
17603097
17617634
17632177
17646726
17661281
17675842
17690409
17704982
17719561
17734146
17748737
17763334
17777937
17792546
17807161
17821782
17836409
17851042
17865681
17880326
17894977
17909634
17924297
17938966
17953641
17968322
17983009
17997702
18012401
18027106
18041817
18056534
18071257
18085986
18100721
18115462
18130209
18144962
18159721
18174486
18189257
18204034
18218817
18233606
18248401
18263202
18278009
18292822
18307641
18322466
18337297
18352134
18366977
18381826
18396681
18411542
18426409
18441282
18456161
18471046
18485937
18500834
18515737
18530646
18545561
18560482
18575409
18590342
18605281
18620226
18635177
18650134
18665097
18680066
18695041
18710022
18725009
18740002
18755001
18770006
18785017
18800034
18815057
18830086
18845121
18860162
18875209
18890262
18905321
18920386
18935457
18950534
18965617
18980706
18995801
19010902
19026009
19041122
19056241
19071366
19086497
19101634
19116777
19131926
19147081
19162242
19177409
19192582
19207761
19222946
19238137
19253334
19268537
19283746
19298961
19314182
19329409
19344642
19359881
19375126
19390377
19405634
19420897
19436166
19451441
19466722
19482009
19497302
19512601
19527906
19543217
19558534
19573857
19589186
19604521
19619862
19635209
19650562
19665921
19681286
19696657
19712034
19727417
19742806
19758201
19773602
19789009
19804422
19819841
19835266
19850697
19866134
19881577
19897026
19912481
19927942
19943409
19958882
19974361
19989846
20005337
20020834
20036337
20051846
20067361
20082882
20098409
20113942
20129481
20145026
20160577
20176134
20191697
20207266
20222841
20238422
20254009
20269602
20285201
20300806
20316417
20332034
20347657
20363286
20378921
20394562
20410209
20425862
20441521
20457186
20472857
20488534
20504217
20519906
20535601
20551302
20567009
20582722
20598441
20614166
20629897
20645634
20661377
20677126
20692881
20708642
20724409
20740182
20755961
20771746
20787537
20803334
20819137
20834946
20850761
20866582
20882409
20898242
20914081
20929926
20945777
20961634
20977497
20993366
21009241
21025122
21041009
21056902
21072801
21088706
21104617
21120534
21136457
21152386
21168321
21184262
21200209
21216162
21232121
21248086
21264057
21280034
21296017
21312006
21328001
21344002
21360009
21376022
21392041
21408066
21424097
21440134
21456177
21472226
21488281
21504342
21520409
21536482
21552561
21568646
21584737
21600834
21616937
21633046
21649161
21665282
21681409
21697542
21713681
21729826
21745977
21762134
21778297
21794466
21810641
21826822
21843009
21859202
21875401
21891606
21907817
21924034
21940257
21956486
21972721
21988962
22005209
22021462
22037721
22053986
22070257
22086534
22102817
22119106
22135401
22151702
22168009
22184322
22200641
22216966
22233297
22249634
22265977
22282326
22298681
22315042
22331409
22347782
22364161
22380546
22396937
22413334
22429737
22446146
22462561
22478982
22495409
22511842
22528281
22544726
22561177
22577634
22594097
22610566
22627041
22643522
22660009
22676502
22693001
22709506
22726017
22742534
22759057
22775586
22792121
22808662
22825209
22841762
22858321
22874886
22891457
22908034
22924617
22941206
22957801
22974402
22991009
23007622
23024241
23040866
23057497
23074134
23090777
23107426
23124081
23140742
23157409
23174082
23190761
23207446
23224137
23240834
23257537
23274246
23290961
23307682
23324409
23341142
23357881
23374626
23391377
23408134
23424897
23441666
23458441
23475222
23492009
23508802
23525601
23542406
23559217
23576034
23592857
23609686
23626521
23643362
23660209
23677062
23693921
23710786
23727657
23744534
23761417
23778306
23795201
23812102
23829009
23845922
23862841
23879766
23896697
23913634
23930577
23947526
23964481
23981442
23998409
24015382
24032361
24049346
24066337
24083334
24100337
24117346
24134361
24151382
24168409
24185442
24202481
24219526
24236577
24253634
24270697
24287766
24304841
24321922
24339009
24356102
24373201
24390306
24407417
24424534
24441657
24458786
24475921
24493062
24510209
24527362
24544521
24561686
24578857
24596034
24613217
24630406
24647601
24664802
24682009
24699222
24716441
24733666
24750897
24768134
24785377
24802626
24819881
24837142
24854409
24871682
24888961
24906246
24923537
24940834
24958137
24975446
24992761
25010082
25027409
25044742
25062081
25079426
25096777
25114134
25131497
25148866
25166241
25183622
25201009
25218402
25235801
25253206
25270617
25288034
25305457
25322886
25340321
25357762
25375209
25392662
25410121
25427586
25445057
25462534
25480017
25497506
25515001
25532502
25550009
25567522
25585041
25602566
25620097
25637634
25655177
25672726
25690281
25707842
25725409
25742982
25760561
25778146
25795737
25813334
25830937
25848546
25866161
25883782
25901409
25919042
25936681
25954326
25971977
25989634
26007297
26024966
26042641
26060322
26078009
26095702
26113401
26131106
26148817
26166534
26184257
26201986
26219721
26237462
26255209
26272962
26290721
26308486
26326257
26344034
26361817
26379606
26397401
26415202
26433009
26450822
26468641
26486466
26504297
26522134
26539977
26557826
26575681
26593542
26611409
26629282
26647161
26665046
26682937
26700834
26718737
26736646
26754561
26772482
26790409
26808342
26826281
26844226
26862177
26880134
26898097
26916066
26934041
26952022
26970009
26988002
27006001
27024006
27042017
27060034
27078057
27096086
27114121
27132162
27150209
27168262
27186321
27204386
27222457
27240534
27258617
27276706
27294801
27312902
27331009
27349122
27367241
27385366
27403497
27421634
27439777
27457926
27476081
27494242
27512409
27530582
27548761
27566946
27585137
27603334
27621537
27639746
27657961
27676182
27694409
27712642
27730881
27749126
27767377
27785634
27803897
27822166
27840441
27858722
27877009
27895302
27913601
27931906
27950217
27968534
27986857
28005186
28023521
28041862
28060209
28078562
28096921
28115286
28133657
28152034
28170417
28188806
28207201
28225602
28244009
28262422
28280841
28299266
28317697
28336134
28354577
28373026
28391481
28409942
28428409
28446882
28465361
28483846
28502337
28520834
28539337
28557846
28576361
28594882
28613409
28631942
28650481
28669026
28687577
28706134
28724697
28743266
28761841
28780422
28799009
28817602
28836201
28854806
28873417
28892034
28910657
28929286
28947921
28966562
28985209
29003862
29022521
29041186
29059857
29078534
29097217
29115906
29134601
29153302
29172009
29190722
29209441
29228166
29246897
29265634
29284377
29303126
29321881
29340642
29359409
29378182
29396961
29415746
29434537
29453334
29472137
29490946
29509761
29528582
29547409
29566242
29585081
29603926
29622777
29641634
29660497
29679366
29698241
29717122
29736009
29754902
29773801
29792706
29811617
29830534
29849457
29868386
29887321
29906262
29925209
29944162
29963121
29982086
30001057
30020034
30039017
30058006
30077001
30096002
30115009
30134022
30153041
30172066
30191097
30210134
30229177
30248226
30267281
30286342
30305409
30324482
30343561
30362646
30381737
30400834
30419937
30439046
30458161
30477282
30496409
30515542
30534681
30553826
30572977
30592134
30611297
30630466
30649641
30668822
30688009
30707202
30726401
30745606
30764817
30784034
30803257
30822486
30841721
30860962
30880209
30899462
30918721
30937986
30957257
30976534
30995817
31015106
31034401
31053702
31073009
31092322
31111641
31130966
31150297
31169634
31188977
31208326
31227681
31247042
31266409
31285782
31305161
31324546
31343937
31363334
31382737
31402146
31421561
31440982
31460409
31479842
31499281
31518726
31538177
31557634
31577097
31596566
31616041
31635522
31655009
31674502
31694001
31713506
31733017
31752534
31772057
31791586
31811121
31830662
31850209
31869762
31889321
31908886
31928457
31948034
31967617
31987206
32006801
32026402
32046009
32065622
32085241
32104866
32124497
32144134
32163777
32183426
32203081
32222742
32242409
32262082
32281761
32301446
32321137
32340834
32360537
32380246
32399961
32419682
32439409
32459142
32478881
32498626
32518377
32538134
32557897
32577666
32597441
32617222
32637009
32656802
32676601
32696406
32716217
32736034
32755857
32775686
32795521
32815362
32835209
32855062
32874921
32894786
32914657
32934534
32954417
32974306
32994201
33014102
33034009
33053922
33073841
33093766
33113697
33133634
33153577
33173526
33193481
33213442
33233409
33253382
33273361
33293346
33313337
33333334
33353337
33373346
33393361
33413382
33433409
33453442
33473481
33493526
33513577
33533634
33553697
33573766
33593841
33613922
33634009
33654102
33674201
33694306
33714417
33734534
33754657
33774786
33794921
33815062
33835209
33855362
33875521
33895686
33915857
33936034
33956217
33976406
33996601
34016802
34037009
34057222
34077441
34097666
34117897
34138134
34158377
34178626
34198881
34219142
34239409
34259682
34279961
34300246
34320537
34340834
34361137
34381446
34401761
34422082
34442409
34462742
34483081
34503426
34523777
34544134
34564497
34584866
34605241
34625622
34646009
34666402
34686801
34707206
34727617
34748034
34768457
34788886
34809321
34829762
34850209
34870662
34891121
34911586
34932057
34952534
34973017
34993506
35014001
35034502
35055009
35075522
35096041
35116566
35137097
35157634
35178177
35198726
35219281
35239842
35260409
35280982
35301561
35322146
35342737
35363334
35383937
35404546
35425161
35445782
35466409
35487042
35507681
35528326
35548977
35569634
35590297
35610966
35631641
35652322
35673009
35693702
35714401
35735106
35755817
35776534
35797257
35817986
35838721
35859462
35880209
35900962
35921721
35942486
35963257
35984034
36004817
36025606
36046401
36067202
36088009
36108822
36129641
36150466
36171297
36192134
36212977
36233826
36254681
36275542
36296409
36317282
36338161
36359046
36379937
36400834
36421737
36442646
36463561
36484482
36505409
36526342
36547281
36568226
36589177
36610134
36631097
36652066
36673041
36694022
36715009
36736002
36757001
36778006
36799017
36820034
36841057
36862086
36883121
36904162
36925209
36946262
36967321
36988386
37009457
37030534
37051617
37072706
37093801
37114902
37136009
37157122
37178241
37199366
37220497
37241634
37262777
37283926
37305081
37326242
37347409
37368582
37389761
37410946
37432137
37453334
37474537
37495746
37516961
37538182
37559409
37580642
37601881
37623126
37644377
37665634
37686897
37708166
37729441
37750722
37772009
37793302
37814601
37835906
37857217
37878534
37899857
37921186
37942521
37963862
37985209
38006562
38027921
38049286
38070657
38092034
38113417
38134806
38156201
38177602
38199009
38220422
38241841
38263266
38284697
38306134
38327577
38349026
38370481
38391942
38413409
38434882
38456361
38477846
38499337
38520834
38542337
38563846
38585361
38606882
38628409
38649942
38671481
38693026
38714577
38736134
38757697
38779266
38800841
38822422
38844009
38865602
38887201
38908806
38930417
38952034
38973657
38995286
39016921
39038562
39060209
39081862
39103521
39125186
39146857
39168534
39190217
39211906
39233601
39255302
39277009
39298722
39320441
39342166
39363897
39385634
39407377
39429126
39450881
39472642
39494409
39516182
39537961
39559746
39581537
39603334
39625137
39646946
39668761
39690582
39712409
39734242
39756081
39777926
39799777
39821634
39843497
39865366
39887241
39909122
39931009
39952902
39974801
39996706
40018617
40040534
40062457
40084386
40106321
40128262
40150209
40172162
40194121
40216086
40238057
40260034
40282017
40304006
40326001
40348002
40370009
40392022
40414041
40436066
40458097
40480134
40502177
40524226
40546281
40568342
40590409
40612482
40634561
40656646
40678737
40700834
40722937
40745046
40767161
40789282
40811409
40833542
40855681
40877826
40899977
40922134
40944297
40966466
40988641
41010822
41033009
41055202
41077401
41099606
41121817
41144034
41166257
41188486
41210721
41232962
41255209
41277462
41299721
41321986
41344257
41366534
41388817
41411106
41433401
41455702
41478009
41500322
41522641
41544966
41567297
41589634
41611977
41634326
41656681
41679042
41701409
41723782
41746161
41768546
41790937
41813334
41835737
41858146
41880561
41902982
41925409
41947842
41970281
41992726
42015177
42037634
42060097
42082566
42105041
42127522
42150009
42172502
42195001
42217506
42240017
42262534
42285057
42307586
42330121
42352662
42375209
42397762
42420321
42442886
42465457
42488034
42510617
42533206
42555801
42578402
42601009
42623622
42646241
42668866
42691497
42714134
42736777
42759426
42782081
42804742
42827409
42850082
42872761
42895446
42918137
42940834
42963537
42986246
43008961
43031682
43054409
43077142
43099881
43122626
43145377
43168134
43190897
43213666
43236441
43259222
43282009
43304802
43327601
43350406
43373217
43396034
43418857
43441686
43464521
43487362
43510209
43533062
43555921
43578786
43601657
43624534
43647417
43670306
43693201
43716102
43739009
43761922
43784841
43807766
43830697
43853634
43876577
43899526
43922481
43945442
43968409
43991382
44014361
44037346
44060337
44083334
44106337
44129346
44152361
44175382
44198409
44221442
44244481
44267526
44290577
44313634
44336697
44359766
44382841
44405922
44429009
44452102
44475201
44498306
44521417
44544534
44567657
44590786
44613921
44637062
44660209
44683362
44706521
44729686
44752857
44776034
44799217
44822406
44845601
44868802
44892009
44915222
44938441
44961666
44984897
45008134
45031377
45054626
45077881
45101142
45124409
45147682
45170961
45194246
45217537
45240834
45264137
45287446
45310761
45334082
45357409
45380742
45404081
45427426
45450777
45474134
45497497
45520866
45544241
45567622
45591009
45614402
45637801
45661206
45684617
45708034
45731457
45754886
45778321
45801762
45825209
45848662
45872121
45895586
45919057
45942534
45966017
45989506
46013001
46036502
46060009
46083522
46107041
46130566
46154097
46177634
46201177
46224726
46248281
46271842
46295409
46318982
46342561
46366146
46389737
46413334
46436937
46460546
46484161
46507782
46531409
46555042
46578681
46602326
46625977
46649634
46673297
46696966
46720641
46744322
46768009
46791702
46815401
46839106
46862817
46886534
46910257
46933986
46957721
46981462
47005209
47028962
47052721
47076486
47100257
47124034
47147817
47171606
47195401
47219202
47243009
47266822
47290641
47314466
47338297
47362134
47385977
47409826
47433681
47457542
47481409
47505282
47529161
47553046
47576937
47600834
47624737
47648646
47672561
47696482
47720409
47744342
47768281
47792226
47816177
47840134
47864097
47888066
47912041
47936022
47960009
47984002
48008001
48032006
48056017
48080034
48104057
48128086
48152121
48176162
48200209
48224262
48248321
48272386
48296457
48320534
48344617
48368706
48392801
48416902
48441009
48465122
48489241
48513366
48537497
48561634
48585777
48609926
48634081
48658242
48682409
48706582
48730761
48754946
48779137
48803334
48827537
48851746
48875961
48900182
48924409
48948642
48972881
48997126
49021377
49045634
49069897
49094166
49118441
49142722
49167009
49191302
49215601
49239906
49264217
49288534
49312857
49337186
49361521
49385862
49410209
49434562
49458921
49483286
49507657
49532034
49556417
49580806
49605201
49629602
49654009
49678422
49702841
49727266
49751697
49776134
49800577
49825026
49849481
49873942
49898409
49922882
49947361
49971846
49996337
50020834
50045337
50069846
50094361
50118882
50143409
50167942
50192481
50217026
50241577
50266134
50290697
50315266
50339841
50364422
50389009
50413602
50438201
50462806
50487417
50512034
50536657
50561286
50585921
50610562
50635209
50659862
50684521
50709186
50733857
50758534
50783217
50807906
50832601
50857302
50882009
50906722
50931441
50956166
50980897
51005634
51030377
51055126
51079881
51104642
51129409
51154182
51178961
51203746
51228537
51253334
51278137
51302946
51327761
51352582
51377409
51402242
51427081
51451926
51476777
51501634
51526497
51551366
51576241
51601122
51626009
51650902
51675801
51700706
51725617
51750534
51775457
51800386
51825321
51850262
51875209
51900162
51925121
51950086
51975057
52000034
52025017
52050006
52075001
52100002
52125009
52150022
52175041
52200066
52225097
52250134
52275177
52300226
52325281
52350342
52375409
52400482
52425561
52450646
52475737
52500834
52525937
52551046
52576161
52601282
52626409
52651542
52676681
52701826
52726977
52752134
52777297
52802466
52827641
52852822
52878009
52903202
52928401
52953606
52978817
53004034
53029257
53054486
53079721
53104962
53130209
53155462
53180721
53205986
53231257
53256534
53281817
53307106
53332401
53357702
53383009
53408322
53433641
53458966
53484297
53509634
53534977
53560326
53585681
53611042
53636409
53661782
53687161
53712546
53737937
53763334
53788737
53814146
53839561
53864982
53890409
53915842
53941281
53966726
53992177
54017634
54043097
54068566
54094041
54119522
54145009
54170502
54196001
54221506
54247017
54272534
54298057
54323586
54349121
54374662
54400209
54425762
54451321
54476886
54502457
54528034
54553617
54579206
54604801
54630402
54656009
54681622
54707241
54732866
54758497
54784134
54809777
54835426
54861081
54886742
54912409
54938082
54963761
54989446
55015137
55040834
55066537
55092246
55117961
55143682
55169409
55195142
55220881
55246626
55272377
55298134
55323897
55349666
55375441
55401222
55427009
55452802
55478601
55504406
55530217
55556034
55581857
55607686
55633521
55659362
55685209
55711062
55736921
55762786
55788657
55814534
55840417
55866306
55892201
55918102
55944009
55969922
55995841
56021766
56047697
56073634
56099577
56125526
56151481
56177442
56203409
56229382
56255361
56281346
56307337
56333334
56359337
56385346
56411361
56437382
56463409
56489442
56515481
56541526
56567577
56593634
56619697
56645766
56671841
56697922
56724009
56750102
56776201
56802306
56828417
56854534
56880657
56906786
56932921
56959062
56985209
57011362
57037521
57063686
57089857
57116034
57142217
57168406
57194601
57220802
57247009
57273222
57299441
57325666
57351897
57378134
57404377
57430626
57456881
57483142
57509409
57535682
57561961
57588246
57614537
57640834
57667137
57693446
57719761
57746082
57772409
57798742
57825081
57851426
57877777
57904134
57930497
57956866
57983241
58009622
58036009
58062402
58088801
58115206
58141617
58168034
58194457
58220886
58247321
58273762
58300209
58326662
58353121
58379586
58406057
58432534
58459017
58485506
58512001
58538502
58565009
58591522
58618041
58644566
58671097
58697634
58724177
58750726
58777281
58803842
58830409
58856982
58883561
58910146
58936737
58963334
58989937
59016546
59043161
59069782
59096409
59123042
59149681
59176326
59202977
59229634
59256297
59282966
59309641
59336322
59363009
59389702
59416401
59443106
59469817
59496534
59523257
59549986
59576721
59603462
59630209
59656962
59683721
59710486
59737257
59764034
59790817
59817606
59844401
59871202
59898009
59924822
59951641
59978466
60005297
60032134
60058977
60085826
60112681
60139542
60166409
60193282
60220161
60247046
60273937
60300834
60327737
60354646
60381561
60408482
60435409
60462342
60489281
60516226
60543177
60570134
60597097
60624066
60651041
60678022
60705009
60732002
60759001
60786006
60813017
60840034
60867057
60894086
60921121
60948162
60975209
61002262
61029321
61056386
61083457
61110534
61137617
61164706
61191801
61218902
61246009
61273122
61300241
61327366
61354497
61381634
61408777
61435926
61463081
61490242
61517409
61544582
61571761
61598946
61626137
61653334
61680537
61707746
61734961
61762182
61789409
61816642
61843881
61871126
61898377
61925634
61952897
61980166
62007441
62034722
62062009
62089302
62116601
62143906
62171217
62198534
62225857
62253186
62280521
62307862
62335209
62362562
62389921
62417286
62444657
62472034
62499417
62526806
62554201
62581602
62609009
62636422
62663841
62691266
62718697
62746134
62773577
62801026
62828481
62855942
62883409
62910882
62938361
62965846
62993337
63020834
63048337
63075846
63103361
63130882
63158409
63185942
63213481
63241026
63268577
63296134
63323697
63351266
63378841
63406422
63434009
63461602
63489201
63516806
63544417
63572034
63599657
63627286
63654921
63682562
63710209
63737862
63765521
63793186
63820857
63848534
63876217
63903906
63931601
63959302
63987009
64014722
64042441
64070166
64097897
64125634
64153377
64181126
64208881
64236642
64264409
64292182
64319961
64347746
64375537
64403334
64431137
64458946
64486761
64514582
64542409
64570242
64598081
64625926
64653777
64681634
64709497
64737366
64765241
64793122
64821009
64848902
64876801
64904706
64932617
64960534
64988457
65016386
65044321
65072262
65100209
65128162
65156121
65184086
65212057
65240034
65268017
65296006
65324001
65352002
65380009
65408022
65436041
65464066
65492097
65520134
65548177
65576226
65604281
65632342
65660409
65688482
65716561
65744646
65772737
65800834
65828937
65857046
65885161
65913282
65941409
65969542
65997681
66025826
66053977
66082134
66110297
66138466
66166641
66194822
66223009
66251202
66279401
66307606
66335817
66364034
66392257
66420486
66448721
66476962
66505209
66533462
66561721
66589986
66618257
66646534
66674817
66703106
66731401
66759702
66788009
66816322
66844641
66872966
66901297
66929634
66957977
66986326
67014681
67043042
67071409
67099782
67128161
67156546
67184937
67213334
67241737
67270146
67298561
67326982
67355409
67383842
67412281
67440726
67469177
67497634
67526097
67554566
67583041
67611522
67640009
67668502
67697001
67725506
67754017
67782534
67811057
67839586
67868121
67896662
67925209
67953762
67982321
68010886
68039457
68068034
68096617
68125206
68153801
68182402
68211009
68239622
68268241
68296866
68325497
68354134
68382777
68411426
68440081
68468742
68497409
68526082
68554761
68583446
68612137
68640834
68669537
68698246
68726961
68755682
68784409
68813142
68841881
68870626
68899377
68928134
68956897
68985666
69014441
69043222
69072009
69100802
69129601
69158406
69187217
69216034
69244857
69273686
69302521
69331362
69360209
69389062
69417921
69446786
69475657
69504534
69533417
69562306
69591201
69620102
69649009
69677922
69706841
69735766
69764697
69793634
69822577
69851526
69880481
69909442
69938409
69967382
69996361
70025346
70054337
70083334
70112337
70141346
70170361
70199382
70228409
70257442
70286481
70315526
70344577
70373634
70402697
70431766
70460841
70489922
70519009
70548102
70577201
70606306
70635417
70664534
70693657
70722786
70751921
70781062
70810209
70839362
70868521
70897686
70926857
70956034
70985217
71014406
71043601
71072802
71102009
71131222
71160441
71189666
71218897
71248134
71277377
71306626
71335881
71365142
71394409
71423682
71452961
71482246
71511537
71540834
71570137
71599446
71628761
71658082
71687409
71716742
71746081
71775426
71804777
71834134
71863497
71892866
71922241
71951622
71981009
72010402
72039801
72069206
72098617
72128034
72157457
72186886
72216321
72245762
72275209
72304662
72334121
72363586
72393057
72422534
72452017
72481506
72511001
72540502
72570009
72599522
72629041
72658566
72688097
72717634
72747177
72776726
72806281
72835842
72865409
72894982
72924561
72954146
72983737
73013334
73042937
73072546
73102161
73131782
73161409
73191042
73220681
73250326
73279977
73309634
73339297
73368966
73398641
73428322
73458009
73487702
73517401
73547106
73576817
73606534
73636257
73665986
73695721
73725462
73755209
73784962
73814721
73844486
73874257
73904034
73933817
73963606
73993401
74023202
74053009
74082822
74112641
74142466
74172297
74202134
74231977
74261826
74291681
74321542
74351409
74381282
74411161
74441046
74470937
74500834
74530737
74560646
74590561
74620482
74650409
74680342
74710281
74740226
74770177
74800134
74830097
74860066
74890041
74920022
74950009
74980002
75010001
75040006
75070017
75100034
75130057
75160086
75190121
75220162
75250209
75280262
75310321
75340386
75370457
75400534
75430617
75460706
75490801
75520902
75551009
75581122
75611241
75641366
75671497
75701634
75731777
75761926
75792081
75822242
75852409
75882582
75912761
75942946
75973137
76003334
76033537
76063746
76093961
76124182
76154409
76184642
76214881
76245126
76275377
76305634
76335897
76366166
76396441
76426722
76457009
76487302
76517601
76547906
76578217
76608534
76638857
76669186
76699521
76729862
76760209
76790562
76820921
76851286
76881657
76912034
76942417
76972806
77003201
77033602
77064009
77094422
77124841
77155266
77185697
77216134
77246577
77277026
77307481
77337942
77368409
77398882
77429361
77459846
77490337
77520834
77551337
77581846
77612361
77642882
77673409
77703942
77734481
77765026
77795577
77826134
77856697
77887266
77917841
77948422
77979009
78009602
78040201
78070806
78101417
78132034
78162657
78193286
78223921
78254562
78285209
78315862
78346521
78377186
78407857
78438534
78469217
78499906
78530601
78561302
78592009
78622722
78653441
78684166
78714897
78745634
78776377
78807126
78837881
78868642
78899409
78930182
78960961
78991746
79022537
79053334
79084137
79114946
79145761
79176582
79207409
79238242
79269081
79299926
79330777
79361634
79392497
79423366
79454241
79485122
79516009
79546902
79577801
79608706
79639617
79670534
79701457
79732386
79763321
79794262
79825209
79856162
79887121
79918086
79949057
79980034
80011017
80042006
80073001
80104002
80135009
80166022
80197041
80228066
80259097
80290134
80321177
80352226
80383281
80414342
80445409
80476482
80507561
80538646
80569737
80600834
80631937
80663046
80694161
80725282
80756409
80787542
80818681
80849826
80880977
80912134
80943297
80974466
81005641
81036822
81068009
81099202
81130401
81161606
81192817
81224034
81255257
81286486
81317721
81348962
81380209
81411462
81442721
81473986
81505257
81536534
81567817
81599106
81630401
81661702
81693009
81724322
81755641
81786966
81818297
81849634
81880977
81912326
81943681
81975042
82006409
82037782
82069161
82100546
82131937
82163334
82194737
82226146
82257561
82288982
82320409
82351842
82383281
82414726
82446177
82477634
82509097
82540566
82572041
82603522
82635009
82666502
82698001
82729506
82761017
82792534
82824057
82855586
82887121
82918662
82950209
82981762
83013321
83044886
83076457
83108034
83139617
83171206
83202801
83234402
83266009
83297622
83329241
83360866
83392497
83424134
83455777
83487426
83519081
83550742
83582409
83614082
83645761
83677446
83709137
83740834
83772537
83804246
83835961
83867682
83899409
83931142
83962881
83994626
84026377
84058134
84089897
84121666
84153441
84185222
84217009
84248802
84280601
84312406
84344217
84376034
84407857
84439686
84471521
84503362
84535209
84567062
84598921
84630786
84662657
84694534
84726417
84758306
84790201
84822102
84854009
84885922
84917841
84949766
84981697
85013634
85045577
85077526
85109481
85141442
85173409
85205382
85237361
85269346
85301337
85333334
85365337
85397346
85429361
85461382
85493409
85525442
85557481
85589526
85621577
85653634
85685697
85717766
85749841
85781922
85814009
85846102
85878201
85910306
85942417
85974534
86006657
86038786
86070921
86103062
86135209
86167362
86199521
86231686
86263857
86296034
86328217
86360406
86392601
86424802
86457009
86489222
86521441
86553666
86585897
86618134
86650377
86682626
86714881
86747142
86779409
86811682
86843961
86876246
86908537
86940834
86973137
87005446
87037761
87070082
87102409
87134742
87167081
87199426
87231777
87264134
87296497
87328866
87361241
87393622
87426009
87458402
87490801
87523206
87555617
87588034
87620457
87652886
87685321
87717762
87750209
87782662
87815121
87847586
87880057
87912534
87945017
87977506
88010001
88042502
88075009
88107522
88140041
88172566
88205097
88237634
88270177
88302726
88335281
88367842
88400409
88432982
88465561
88498146
88530737
88563334
88595937
88628546
88661161
88693782
88726409
88759042
88791681
88824326
88856977
88889634
88922297
88954966
88987641
89020322
89053009
89085702
89118401
89151106
89183817
89216534
89249257
89281986
89314721
89347462
89380209
89412962
89445721
89478486
89511257
89544034
89576817
89609606
89642401
89675202
89708009
89740822
89773641
89806466
89839297
89872134
89904977
89937826
89970681
90003542
90036409
90069282
90102161
90135046
90167937
90200834
90233737
90266646
90299561
90332482
90365409
90398342
90431281
90464226
90497177
90530134
90563097
90596066
90629041
90662022
90695009
90728002
90761001
90794006
90827017
90860034
90893057
90926086
90959121
90992162
91025209
91058262
91091321
91124386
91157457
91190534
91223617
91256706
91289801
91322902
91356009
91389122
91422241
91455366
91488497
91521634
91554777
91587926
91621081
91654242
91687409
91720582
91753761
91786946
91820137
91853334
91886537
91919746
91952961
91986182
92019409
92052642
92085881
92119126
92152377
92185634
92218897
92252166
92285441
92318722
92352009
92385302
92418601
92451906
92485217
92518534
92551857
92585186
92618521
92651862
92685209
92718562
92751921
92785286
92818657
92852034
92885417
92918806
92952201
92985602
93019009
93052422
93085841
93119266
93152697
93186134
93219577
93253026
93286481
93319942
93353409
93386882
93420361
93453846
93487337
93520834
93554337
93587846
93621361
93654882
93688409
93721942
93755481
93789026
93822577
93856134
93889697
93923266
93956841
93990422
94024009
94057602
94091201
94124806
94158417
94192034
94225657
94259286
94292921
94326562
94360209
94393862
94427521
94461186
94494857
94528534
94562217
94595906
94629601
94663302
94697009
94730722
94764441
94798166
94831897
94865634
94899377
94933126
94966881
95000642
95034409
95068182
95101961
95135746
95169537
95203334
95237137
95270946
95304761
95338582
95372409
95406242
95440081
95473926
95507777
95541634
95575497
95609366
95643241
95677122
95711009
95744902
95778801
95812706
95846617
95880534
95914457
95948386
95982321
96016262
96050209
96084162
96118121
96152086
96186057
96220034
96254017
96288006
96322001
96356002
96390009
96424022
96458041
96492066
96526097
96560134
96594177
96628226
96662281
96696342
96730409
96764482
96798561
96832646
96866737
96900834
96934937
96969046
97003161
97037282
97071409
97105542
97139681
97173826
97207977
97242134
97276297
97310466
97344641
97378822
97413009
97447202
97481401
97515606
97549817
97584034
97618257
97652486
97686721
97720962
97755209
97789462
97823721
97857986
97892257
97926534
97960817
97995106
98029401
98063702
98098009
98132322
98166641
98200966
98235297
98269634
98303977
98338326
98372681
98407042
98441409
98475782
98510161
98544546
98578937
98613334
98647737
98682146
98716561
98750982
98785409
98819842
98854281
98888726
98923177
98957634
98992097
99026566
99061041
99095522
99130009
99164502
99199001
99233506
99268017
99302534
99337057
99371586
99406121
99440662
99475209
99509762
99544321
99578886
99613457
99648034
99682617
99717206
99751801
99786402
99821009
99855622
99890241
99924866
99959497
99994134
100028777
100063426
100098081
100132742
100167409
100202082
100236761
100271446
100306137
100340834
100375537
100410246
100444961
100479682
100514409
100549142
100583881
100618626
100653377
100688134
100722897
100757666
100792441
100827222
100862009
100896802
100931601
100966406
101001217
101036034
101070857
101105686
101140521
101175362
101210209
101245062
101279921
101314786
101349657
101384534
101419417
101454306
101489201
101524102
101559009
101593922
101628841
101663766
101698697
101733634
101768577
101803526
101838481
101873442
101908409
101943382
101978361
102013346
102048337
102083334
102118337
102153346
102188361
102223382
102258409
102293442
102328481
102363526
102398577
102433634
102468697
102503766
102538841
102573922
102609009
102644102
102679201
102714306
102749417
102784534
102819657
102854786
102889921
102925062
102960209
102995362
103030521
103065686
103100857
103136034
103171217
103206406
103241601
103276802
103312009
103347222
103382441
103417666
103452897
103488134
103523377
103558626
103593881
103629142
103664409
103699682
103734961
103770246
103805537
103840834
103876137
103911446
103946761
103982082
104017409
104052742
104088081
104123426
104158777
104194134
104229497
104264866
104300241
104335622
104371009
104406402
104441801
104477206
104512617
104548034
104583457
104618886
104654321
104689762
104725209
104760662
104796121
104831586
104867057
104902534
104938017
104973506
105009001
105044502
105080009
105115522
105151041
105186566
105222097
105257634
105293177
105328726
105364281
105399842
105435409
105470982
105506561
105542146
105577737
105613334
105648937
105684546
105720161
105755782
105791409
105827042
105862681
105898326
105933977
105969634
106005297
106040966
106076641
106112322
106148009
106183702
106219401
106255106
106290817
106326534
106362257
106397986
106433721
106469462
106505209
106540962
106576721
106612486
106648257
106684034
106719817
106755606
106791401
106827202
106863009
106898822
106934641
106970466
107006297
107042134
107077977
107113826
107149681
107185542
107221409
107257282
107293161
107329046
107364937
107400834
107436737
107472646
107508561
107544482
107580409
107616342
107652281
107688226
107724177
107760134
107796097
107832066
107868041
107904022
107940009
107976002
108012001
108048006
108084017
108120034
108156057
108192086
108228121
108264162
108300209
108336262
108372321
108408386
108444457
108480534
108516617
108552706
108588801
108624902
108661009
108697122
108733241
108769366
108805497
108841634
108877777
108913926
108950081
108986242
109022409
109058582
109094761
109130946
109167137
109203334
109239537
109275746
109311961
109348182
109384409
109420642
109456881
109493126
109529377
109565634
109601897
109638166
109674441
109710722
109747009
109783302
109819601
109855906
109892217
109928534
109964857
110001186
110037521
110073862
110110209
110146562
110182921
110219286
110255657
110292034
110328417
110364806
110401201
110437602
110474009
110510422
110546841
110583266
110619697
110656134
110692577
110729026
110765481
110801942
110838409
110874882
110911361
110947846
110984337
111020834
111057337
111093846
111130361
111166882
111203409
111239942
111276481
111313026
111349577
111386134
111422697
111459266
111495841
111532422
111569009
111605602
111642201
111678806
111715417
111752034
111788657
111825286
111861921
111898562
111935209
111971862
112008521
112045186
112081857
112118534
112155217
112191906
112228601
112265302
112302009
112338722
112375441
112412166
112448897
112485634
112522377
112559126
112595881
112632642
112669409
112706182
112742961
112779746
112816537
112853334
112890137
112926946
112963761
113000582
113037409
113074242
113111081
113147926
113184777
113221634
113258497
113295366
113332241
113369122
113406009
113442902
113479801
113516706
113553617
113590534
113627457
113664386
113701321
113738262
113775209
113812162
113849121
113886086
113923057
113960034
113997017
114034006
114071001
114108002
114145009
114182022
114219041
114256066
114293097
114330134
114367177
114404226
114441281
114478342
114515409
114552482
114589561
114626646
114663737
114700834
114737937
114775046
114812161
114849282
114886409
114923542
114960681
114997826
115034977
115072134
115109297
115146466
115183641
115220822
115258009
115295202
115332401
115369606
115406817
115444034
115481257
115518486
115555721
115592962
115630209
115667462
115704721
115741986
115779257
115816534
115853817
115891106
115928401
115965702
116003009
116040322
116077641
116114966
116152297
116189634
116226977
116264326
116301681
116339042
116376409
116413782
116451161
116488546
116525937
116563334
116600737
116638146
116675561
116712982
116750409
116787842
116825281
116862726
116900177
116937634
116975097
117012566
117050041
117087522
117125009
117162502
117200001
117237506
117275017
117312534
117350057
117387586
117425121
117462662
117500209
117537762
117575321
117612886
117650457
117688034
117725617
117763206
117800801
117838402
117876009
117913622
117951241
117988866
118026497
118064134
118101777
118139426
118177081
118214742
118252409
118290082
118327761
118365446
118403137
118440834
118478537
118516246
118553961
118591682
118629409
118667142
118704881
118742626
118780377
118818134
118855897
118893666
118931441
118969222
119007009
119044802
119082601
119120406
119158217
119196034
119233857
119271686
119309521
119347362
119385209
119423062
119460921
119498786
119536657
119574534
119612417
119650306
119688201
119726102
119764009
119801922
119839841
119877766
119915697
119953634
119991577
120029526
120067481
120105442
120143409
120181382
120219361
120257346
120295337
120333334
120371337
120409346
120447361
120485382
120523409
120561442
120599481
120637526
120675577
120713634
120751697
120789766
120827841
120865922
120904009
120942102
120980201
121018306
121056417
121094534
121132657
121170786
121208921
121247062
121285209
121323362
121361521
121399686
121437857
121476034
121514217
121552406
121590601
121628802
121667009
121705222
121743441
121781666
121819897
121858134
121896377
121934626
121972881
122011142
122049409
122087682
122125961
122164246
122202537
122240834
122279137
122317446
122355761
122394082
122432409
122470742
122509081
122547426
122585777
122624134
122662497
122700866
122739241
122777622
122816009
122854402
122892801
122931206
122969617
123008034
123046457
123084886
123123321
123161762
123200209
123238662
123277121
123315586
123354057
123392534
123431017
123469506
123508001
123546502
123585009
123623522
123662041
123700566
123739097
123777634
123816177
123854726
123893281
123931842
123970409
124008982
124047561
124086146
124124737
124163334
124201937
124240546
124279161
124317782
124356409
124395042
124433681
124472326
124510977
124549634
124588297
124626966
124665641
124704322
124743009
124781702
124820401
124859106
124897817
124936534
124975257
125013986
125052721
125091462
125130209
125168962
125207721
125246486
125285257
125324034
125362817
125401606
125440401
125479202
125518009
125556822
125595641
125634466
125673297
125712134
125750977
125789826
125828681
125867542
125906409
125945282
125984161
126023046
126061937
126100834
126139737
126178646
126217561
126256482
126295409
126334342
126373281
126412226
126451177
126490134
126529097
126568066
126607041
126646022
126685009
126724002
126763001
126802006
126841017
126880034
126919057
126958086
126997121
127036162
127075209
127114262
127153321
127192386
127231457
127270534
127309617
127348706
127387801
127426902
127466009
127505122
127544241
127583366
127622497
127661634
127700777
127739926
127779081
127818242
127857409
127896582
127935761
127974946
128014137
128053334
128092537
128131746
128170961
128210182
128249409
128288642
128327881
128367126
128406377
128445634
128484897
128524166
128563441
128602722
128642009
128681302
128720601
128759906
128799217
128838534
128877857
128917186
128956521
128995862
129035209
129074562
129113921
129153286
129192657
129232034
129271417
129310806
129350201
129389602
129429009
129468422
129507841
129547266
129586697
129626134
129665577
129705026
129744481
129783942
129823409
129862882
129902361
129941846
129981337
130020834
130060337
130099846
130139361
130178882
130218409
130257942
130297481
130337026
130376577
130416134
130455697
130495266
130534841
130574422
130614009
130653602
130693201
130732806
130772417
130812034
130851657
130891286
130930921
130970562
131010209
131049862
131089521
131129186
131168857
131208534
131248217
131287906
131327601
131367302
131407009
131446722
131486441
131526166
131565897
131605634
131645377
131685126
131724881
131764642
131804409
131844182
131883961
131923746
131963537
132003334
132043137
132082946
132122761
132162582
132202409
132242242
132282081
132321926
132361777
132401634
132441497
132481366
132521241
132561122
132601009
132640902
132680801
132720706
132760617
132800534
132840457
132880386
132920321
132960262
133000209
133040162
133080121
133120086
133160057
133200034
133240017
133280006
133320001
133360002
133400009
133440022
133480041
133520066
133560097
133600134
133640177
133680226
133720281
133760342
133800409
133840482
133880561
133920646
133960737
134000834
134040937
134081046
134121161
134161282
134201409
134241542
134281681
134321826
134361977
134402134
134442297
134482466
134522641
134562822
134603009
134643202
134683401
134723606
134763817
134804034
134844257
134884486
134924721
134964962
135005209
135045462
135085721
135125986
135166257
135206534
135246817
135287106
135327401
135367702
135408009
135448322
135488641
135528966
135569297
135609634
135649977
135690326
135730681
135771042
135811409
135851782
135892161
135932546
135972937
136013334
136053737
136094146
136134561
136174982
136215409
136255842
136296281
136336726
136377177
136417634
136458097
136498566
136539041
136579522
136620009
136660502
136701001
136741506
136782017
136822534
136863057
136903586
136944121
136984662
137025209
137065762
137106321
137146886
137187457
137228034
137268617
137309206
137349801
137390402
137431009
137471622
137512241
137552866
137593497
137634134
137674777
137715426
137756081
137796742
137837409
137878082
137918761
137959446
138000137
138040834
138081537
138122246
138162961
138203682
138244409
138285142
138325881
138366626
138407377
138448134
138488897
138529666
138570441
138611222
138652009
138692802
138733601
138774406
138815217
138856034
138896857
138937686
138978521
139019362
139060209
139101062
139141921
139182786
139223657
139264534
139305417
139346306
139387201
139428102
139469009
139509922
139550841
139591766
139632697
139673634
139714577
139755526
139796481
139837442
139878409
139919382
139960361
140001346
140042337
140083334
140124337
140165346
140206361
140247382
140288409
140329442
140370481
140411526
140452577
140493634
140534697
140575766
140616841
140657922
140699009
140740102
140781201
140822306
140863417
140904534
140945657
140986786
141027921
141069062
141110209
141151362
141192521
141233686
141274857
141316034
141357217
141398406
141439601
141480802
141522009
141563222
141604441
141645666
141686897
141728134
141769377
141810626
141851881
141893142
141934409
141975682
142016961
142058246
142099537
142140834
142182137
142223446
142264761
142306082
142347409
142388742
142430081
142471426
142512777
142554134
142595497
142636866
142678241
142719622
142761009
142802402
142843801
142885206
142926617
142968034
143009457
143050886
143092321
143133762
143175209
143216662
143258121
143299586
143341057
143382534
143424017
143465506
143507001
143548502
143590009
143631522
143673041
143714566
143756097
143797634
143839177
143880726
143922281
143963842
144005409
144046982
144088561
144130146
144171737
144213334
144254937
144296546
144338161
144379782
144421409
144463042
144504681
144546326
144587977
144629634
144671297
144712966
144754641
144796322
144838009
144879702
144921401
144963106
145004817
145046534
145088257
145129986
145171721
145213462
145255209
145296962
145338721
145380486
145422257
145464034
145505817
145547606
145589401
145631202
145673009
145714822
145756641
145798466
145840297
145882134
145923977
145965826
146007681
146049542
146091409
146133282
146175161
146217046
146258937
146300834
146342737
146384646
146426561
146468482
146510409
146552342
146594281
146636226
146678177
146720134
146762097
146804066
146846041
146888022
146930009
146972002
147014001
147056006
147098017
147140034
147182057
147224086
147266121
147308162
147350209
147392262
147434321
147476386
147518457
147560534
147602617
147644706
147686801
147728902
147771009
147813122
147855241
147897366
147939497
147981634
148023777
148065926
148108081
148150242
148192409
148234582
148276761
148318946
148361137
148403334
148445537
148487746
148529961
148572182
148614409
148656642
148698881
148741126
148783377
148825634
148867897
148910166
148952441
148994722
149037009
149079302
149121601
149163906
149206217
149248534
149290857
149333186
149375521
149417862
149460209
149502562
149544921
149587286
149629657
149672034
149714417
149756806
149799201
149841602
149884009
149926422
149968841
150011266
150053697
150096134
150138577
150181026
150223481
150265942
150308409
150350882
150393361
150435846
150478337
150520834
150563337
150605846
150648361
150690882
150733409
150775942
150818481
150861026
150903577
150946134
150988697
151031266
151073841
151116422
151159009
151201602
151244201
151286806
151329417
151372034
151414657
151457286
151499921
151542562
151585209
151627862
151670521
151713186
151755857
151798534
151841217
151883906
151926601
151969302
152012009
152054722
152097441
152140166
152182897
152225634
152268377
152311126
152353881
152396642
152439409
152482182
152524961
152567746
152610537
152653334
152696137
152738946
152781761
152824582
152867409
152910242
152953081
152995926
153038777
153081634
153124497
153167366
153210241
153253122
153296009
153338902
153381801
153424706
153467617
153510534
153553457
153596386
153639321
153682262
153725209
153768162
153811121
153854086
153897057
153940034
153983017
154026006
154069001
154112002
154155009
154198022
154241041
154284066
154327097
154370134
154413177
154456226
154499281
154542342
154585409
154628482
154671561
154714646
154757737
154800834
154843937
154887046
154930161
154973282
155016409
155059542
155102681
155145826
155188977
155232134
155275297
155318466
155361641
155404822
155448009
155491202
155534401
155577606
155620817
155664034
155707257
155750486
155793721
155836962
155880209
155923462
155966721
156009986
156053257
156096534
156139817
156183106
156226401
156269702
156313009
156356322
156399641
156442966
156486297
156529634
156572977
156616326
156659681
156703042
156746409
156789782
156833161
156876546
156919937
156963334
157006737
157050146
157093561
157136982
157180409
157223842
157267281
157310726
157354177
157397634
157441097
157484566
157528041
157571522
157615009
157658502
157702001
157745506
157789017
157832534
157876057
157919586
157963121
158006662
158050209
158093762
158137321
158180886
158224457
158268034
158311617
158355206
158398801
158442402
158486009
158529622
158573241
158616866
158660497
158704134
158747777
158791426
158835081
158878742
158922409
158966082
159009761
159053446
159097137
159140834
159184537
159228246
159271961
159315682
159359409
159403142
159446881
159490626
159534377
159578134
159621897
159665666
159709441
159753222
159797009
159840802
159884601
159928406
159972217
160016034
160059857
160103686
160147521
160191362
160235209
160279062
160322921
160366786
160410657
160454534
160498417
160542306
160586201
160630102
160674009
160717922
160761841
160805766
160849697
160893634
160937577
160981526
161025481
161069442
161113409
161157382
161201361
161245346
161289337
161333334
161377337
161421346
161465361
161509382
161553409
161597442
161641481
161685526
161729577
161773634
161817697
161861766
161905841
161949922
161994009
162038102
162082201
162126306
162170417
162214534
162258657
162302786
162346921
162391062
162435209
162479362
162523521
162567686
162611857
162656034
162700217
162744406
162788601
162832802
162877009
162921222
162965441
163009666
163053897
163098134
163142377
163186626
163230881
163275142
163319409
163363682
163407961
163452246
163496537
163540834
163585137
163629446
163673761
163718082
163762409
163806742
163851081
163895426
163939777
163984134
164028497
164072866
164117241
164161622
164206009
164250402
164294801
164339206
164383617
164428034
164472457
164516886
164561321
164605762
164650209
164694662
164739121
164783586
164828057
164872534
164917017
164961506
165006001
165050502
165095009
165139522
165184041
165228566
165273097
165317634
165362177
165406726
165451281
165495842
165540409
165584982
165629561
165674146
165718737
165763334
165807937
165852546
165897161
165941782
165986409
166031042
166075681
166120326
166164977
166209634
166254297
166298966
166343641
166388322
166433009
166477702
166522401
166567106
166611817
166656534
166701257
166745986
166790721
166835462
166880209
166924962
166969721
167014486
167059257
167104034
167148817
167193606
167238401
167283202
167328009
167372822
167417641
167462466
167507297
167552134
167596977
167641826
167686681
167731542
167776409
167821282
167866161
167911046
167955937
168000834
168045737
168090646
168135561
168180482
168225409
168270342
168315281
168360226
168405177
168450134
168495097
168540066
168585041
168630022
168675009
168720002
168765001
168810006
168855017
168900034
168945057
168990086
169035121
169080162
169125209
169170262
169215321
169260386
169305457
169350534
169395617
169440706
169485801
169530902
169576009
169621122
169666241
169711366
169756497
169801634
169846777
169891926
169937081
169982242
170027409
170072582
170117761
170162946
170208137
170253334
170298537
170343746
170388961
170434182
170479409
170524642
170569881
170615126
170660377
170705634
170750897
170796166
170841441
170886722
170932009
170977302
171022601
171067906
171113217
171158534
171203857
171249186
171294521
171339862
171385209
171430562
171475921
171521286
171566657
171612034
171657417
171702806
171748201
171793602
171839009
171884422
171929841
171975266
172020697
172066134
172111577
172157026
172202481
172247942
172293409
172338882
172384361
172429846
172475337
172520834
172566337
172611846
172657361
172702882
172748409
172793942
172839481
172885026
172930577
172976134
173021697
173067266
173112841
173158422
173204009
173249602
173295201
173340806
173386417
173432034
173477657
173523286
173568921
173614562
173660209
173705862
173751521
173797186
173842857
173888534
173934217
173979906
174025601
174071302
174117009
174162722
174208441
174254166
174299897
174345634
174391377
174437126
174482881
174528642
174574409
174620182
174665961
174711746
174757537
174803334
174849137
174894946
174940761
174986582
175032409
175078242
175124081
175169926
175215777
175261634
175307497
175353366
175399241
175445122
175491009
175536902
175582801
175628706
175674617
175720534
175766457
175812386
175858321
175904262
175950209
175996162
176042121
176088086
176134057
176180034
176226017
176272006
176318001
176364002
176410009
176456022
176502041
176548066
176594097
176640134
176686177
176732226
176778281
176824342
176870409
176916482
176962561
177008646
177054737
177100834
177146937
177193046
177239161
177285282
177331409
177377542
177423681
177469826
177515977
177562134
177608297
177654466
177700641
177746822
177793009
177839202
177885401
177931606
177977817
178024034
178070257
178116486
178162721
178208962
178255209
178301462
178347721
178393986
178440257
178486534
178532817
178579106
178625401
178671702
178718009
178764322
178810641
178856966
178903297
178949634
178995977
179042326
179088681
179135042
179181409
179227782
179274161
179320546
179366937
179413334
179459737
179506146
179552561
179598982
179645409
179691842
179738281
179784726
179831177
179877634
179924097
179970566
180017041
180063522
180110009
180156502
180203001
180249506
180296017
180342534
180389057
180435586
180482121
180528662
180575209
180621762
180668321
180714886
180761457
180808034
180854617
180901206
180947801
180994402
181041009
181087622
181134241
181180866
181227497
181274134
181320777
181367426
181414081
181460742
181507409
181554082
181600761
181647446
181694137
181740834
181787537
181834246
181880961
181927682
181974409
182021142
182067881
182114626
182161377
182208134
182254897
182301666
182348441
182395222
182442009
182488802
182535601
182582406
182629217
182676034
182722857
182769686
182816521
182863362
182910209
182957062
183003921
183050786
183097657
183144534
183191417
183238306
183285201
183332102
183379009
183425922
183472841
183519766
183566697
183613634
183660577
183707526
183754481
183801442
183848409
183895382
183942361
183989346
184036337
184083334
184130337
184177346
184224361
184271382
184318409
184365442
184412481
184459526
184506577
184553634
184600697
184647766
184694841
184741922
184789009
184836102
184883201
184930306
184977417
185024534
185071657
185118786
185165921
185213062
185260209
185307362
185354521
185401686
185448857
185496034
185543217
185590406
185637601
185684802
185732009
185779222
185826441
185873666
185920897
185968134
186015377
186062626
186109881
186157142
186204409
186251682
186298961
186346246
186393537
186440834
186488137
186535446
186582761
186630082
186677409
186724742
186772081
186819426
186866777
186914134
186961497
187008866
187056241
187103622
187151009
187198402
187245801
187293206
187340617
187388034
187435457
187482886
187530321
187577762
187625209
187672662
187720121
187767586
187815057
187862534
187910017
187957506
188005001
188052502
188100009
188147522
188195041
188242566
188290097
188337634
188385177
188432726
188480281
188527842
188575409
188622982
188670561
188718146
188765737
188813334
188860937
188908546
188956161
189003782
189051409
189099042
189146681
189194326
189241977
189289634
189337297
189384966
189432641
189480322
189528009
189575702
189623401
189671106
189718817
189766534
189814257
189861986
189909721
189957462
190005209
190052962
190100721
190148486
190196257
190244034
190291817
190339606
190387401
190435202
190483009
190530822
190578641
190626466
190674297
190722134
190769977
190817826
190865681
190913542
190961409
191009282
191057161
191105046
191152937
191200834
191248737
191296646
191344561
191392482
191440409
191488342
191536281
191584226
191632177
191680134
191728097
191776066
191824041
191872022
191920009
191968002
192016001
192064006
192112017
192160034
192208057
192256086
192304121
192352162
192400209
192448262
192496321
192544386
192592457
192640534
192688617
192736706
192784801
192832902
192881009
192929122
192977241
193025366
193073497
193121634
193169777
193217926
193266081
193314242
193362409
193410582
193458761
193506946
193555137
193603334
193651537
193699746
193747961
193796182
193844409
193892642
193940881
193989126
194037377
194085634
194133897
194182166
194230441
194278722
194327009
194375302
194423601
194471906
194520217
194568534
194616857
194665186
194713521
194761862
194810209
194858562
194906921
194955286
195003657
195052034
195100417
195148806
195197201
195245602
195294009
195342422
195390841
195439266
195487697
195536134
195584577
195633026
195681481
195729942
195778409
195826882
195875361
195923846
195972337
196020834
196069337
196117846
196166361
196214882
196263409
196311942
196360481
196409026
196457577
196506134
196554697
196603266
196651841
196700422
196749009
196797602
196846201
196894806
196943417
196992034
197040657
197089286
197137921
197186562
197235209
197283862
197332521
197381186
197429857
197478534
197527217
197575906
197624601
197673302
197722009
197770722
197819441
197868166
197916897
197965634
198014377
198063126
198111881
198160642
198209409
198258182
198306961
198355746
198404537
198453334
198502137
198550946
198599761
198648582
198697409
198746242
198795081
198843926
198892777
198941634
198990497
199039366
199088241
199137122
199186009
199234902
199283801
199332706
199381617
199430534
199479457
199528386
199577321
199626262
199675209
199724162
199773121
199822086
199871057
199920034
199969017
200018006
200067001
200116002
200165009
200214022
200263041
200312066
200361097
200410134
200459177
200508226
200557281
200606342
200655409
200704482
200753561
200802646
200851737
200900834
200949937
200999046
201048161
201097282
201146409
201195542
201244681
201293826
201342977
201392134
201441297
201490466
201539641
201588822
201638009
201687202
201736401
201785606
201834817
201884034
201933257
201982486
202031721
202080962
202130209
202179462
202228721
202277986
202327257
202376534
202425817
202475106
202524401
202573702
202623009
202672322
202721641
202770966
202820297
202869634
202918977
202968326
203017681
203067042
203116409
203165782
203215161
203264546
203313937
203363334
203412737
203462146
203511561
203560982
203610409
203659842
203709281
203758726
203808177
203857634
203907097
203956566
204006041
204055522
204105009
204154502
204204001
204253506
204303017
204352534
204402057
204451586
204501121
204550662
204600209
204649762
204699321
204748886
204798457
204848034
204897617
204947206
204996801
205046402
205096009
205145622
205195241
205244866
205294497
205344134
205393777
205443426
205493081
205542742
205592409
205642082
205691761
205741446
205791137
205840834
205890537
205940246
205989961
206039682
206089409
206139142
206188881
206238626
206288377
206338134
206387897
206437666
206487441
206537222
206587009
206636802
206686601
206736406
206786217
206836034
206885857
206935686
206985521
207035362
207085209
207135062
207184921
207234786
207284657
207334534
207384417
207434306
207484201
207534102
207584009
207633922
207683841
207733766
207783697
207833634
207883577
207933526
207983481
208033442
208083409
208133382
208183361
208233346
208283337
208333334
208383337
208433346
208483361
208533382
208583409
208633442
208683481
208733526
208783577
208833634
208883697
208933766
208983841
209033922
209084009
209134102
209184201
209234306
209284417
209334534
209384657
209434786
209484921
209535062
209585209
209635362
209685521
209735686
209785857
209836034
209886217
209936406
209986601
210036802
210087009
210137222
210187441
210237666
210287897
210338134
210388377
210438626
210488881
210539142
210589409
210639682
210689961
210740246
210790537
210840834
210891137
210941446
210991761
211042082
211092409
211142742
211193081
211243426
211293777
211344134
211394497
211444866
211495241
211545622
211596009
211646402
211696801
211747206
211797617
211848034
211898457
211948886
211999321
212049762
212100209
212150662
212201121
212251586
212302057
212352534
212403017
212453506
212504001
212554502
212605009
212655522
212706041
212756566
212807097
212857634
212908177
212958726
213009281
213059842
213110409
213160982
213211561
213262146
213312737
213363334
213413937
213464546
213515161
213565782
213616409
213667042
213717681
213768326
213818977
213869634
213920297
213970966
214021641
214072322
214123009
214173702
214224401
214275106
214325817
214376534
214427257
214477986
214528721
214579462
214630209
214680962
214731721
214782486
214833257
214884034
214934817
214985606
215036401
215087202
215138009
215188822
215239641
215290466
215341297
215392134
215442977
215493826
215544681
215595542
215646409
215697282
215748161
215799046
215849937
215900834
215951737
216002646
216053561
216104482
216155409
216206342
216257281
216308226
216359177
216410134
216461097
216512066
216563041
216614022
216665009
216716002
216767001
216818006
216869017
216920034
216971057
217022086
217073121
217124162
217175209
217226262
217277321
217328386
217379457
217430534
217481617
217532706
217583801
217634902
217686009
217737122
217788241
217839366
217890497
217941634
217992777
218043926
218095081
218146242
218197409
218248582
218299761
218350946
218402137
218453334
218504537
218555746
218606961
218658182
218709409
218760642
218811881
218863126
218914377
218965634
219016897
219068166
219119441
219170722
219222009
219273302
219324601
219375906
219427217
219478534
219529857
219581186
219632521
219683862
219735209
219786562
219837921
219889286
219940657
219992034
220043417
220094806
220146201
220197602
220249009
220300422
220351841
220403266
220454697
220506134
220557577
220609026
220660481
220711942
220763409
220814882
220866361
220917846
220969337
221020834
221072337
221123846
221175361
221226882
221278409
221329942
221381481
221433026
221484577
221536134
221587697
221639266
221690841
221742422
221794009
221845602
221897201
221948806
222000417
222052034
222103657
222155286
222206921
222258562
222310209
222361862
222413521
222465186
222516857
222568534
222620217
222671906
222723601
222775302
222827009
222878722
222930441
222982166
223033897
223085634
223137377
223189126
223240881
223292642
223344409
223396182
223447961
223499746
223551537
223603334
223655137
223706946
223758761
223810582
223862409
223914242
223966081
224017926
224069777
224121634
224173497
224225366
224277241
224329122
224381009
224432902
224484801
224536706
224588617
224640534
224692457
224744386
224796321
224848262
224900209
224952162
225004121
225056086
225108057
225160034
225212017
225264006
225316001
225368002
225420009
225472022
225524041
225576066
225628097
225680134
225732177
225784226
225836281
225888342
225940409
225992482
226044561
226096646
226148737
226200834
226252937
226305046
226357161
226409282
226461409
226513542
226565681
226617826
226669977
226722134
226774297
226826466
226878641
226930822
226983009
227035202
227087401
227139606
227191817
227244034
227296257
227348486
227400721
227452962
227505209
227557462
227609721
227661986
227714257
227766534
227818817
227871106
227923401
227975702
228028009
228080322
228132641
228184966
228237297
228289634
228341977
228394326
228446681
228499042
228551409
228603782
228656161
228708546
228760937
228813334
228865737
228918146
228970561
229022982
229075409
229127842
229180281
229232726
229285177
229337634
229390097
229442566
229495041
229547522
229600009
229652502
229705001
229757506
229810017
229862534
229915057
229967586
230020121
230072662
230125209
230177762
230230321
230282886
230335457
230388034
230440617
230493206
230545801
230598402
230651009
230703622
230756241
230808866
230861497
230914134
230966777
231019426
231072081
231124742
231177409
231230082
231282761
231335446
231388137
231440834
231493537
231546246
231598961
231651682
231704409
231757142
231809881
231862626
231915377
231968134
232020897
232073666
232126441
232179222
232232009
232284802
232337601
232390406
232443217
232496034
232548857
232601686
232654521
232707362
232760209
232813062
232865921
232918786
232971657
233024534
233077417
233130306
233183201
233236102
233289009
233341922
233394841
233447766
233500697
233553634
233606577
233659526
233712481
233765442
233818409
233871382
233924361
233977346
234030337
234083334
234136337
234189346
234242361
234295382
234348409
234401442
234454481
234507526
234560577
234613634
234666697
234719766
234772841
234825922
234879009
234932102
234985201
235038306
235091417
235144534
235197657
235250786
235303921
235357062
235410209
235463362
235516521
235569686
235622857
235676034
235729217
235782406
235835601
235888802
235942009
235995222
236048441
236101666
236154897
236208134
236261377
236314626
236367881
236421142
236474409
236527682
236580961
236634246
236687537
236740834
236794137
236847446
236900761
236954082
237007409
237060742
237114081
237167426
237220777
237274134
237327497
237380866
237434241
237487622
237541009
237594402
237647801
237701206
237754617
237808034
237861457
237914886
237968321
238021762
238075209
238128662
238182121
238235586
238289057
238342534
238396017
238449506
238503001
238556502
238610009
238663522
238717041
238770566
238824097
238877634
238931177
238984726
239038281
239091842
239145409
239198982
239252561
239306146
239359737
239413334
239466937
239520546
239574161
239627782
239681409
239735042
239788681
239842326
239895977
239949634
240003297
240056966
240110641
240164322
240218009
240271702
240325401
240379106
240432817
240486534
240540257
240593986
240647721
240701462
240755209
240808962
240862721
240916486
240970257
241024034
241077817
241131606
241185401
241239202
241293009
241346822
241400641
241454466
241508297
241562134
241615977
241669826
241723681
241777542
241831409
241885282
241939161
241993046
242046937
242100834
242154737
242208646
242262561
242316482
242370409
242424342
242478281
242532226
242586177
242640134
242694097
242748066
242802041
242856022
242910009
242964002
243018001
243072006
243126017
243180034
243234057
243288086
243342121
243396162
243450209
243504262
243558321
243612386
243666457
243720534
243774617
243828706
243882801
243936902
243991009
244045122
244099241
244153366
244207497
244261634
244315777
244369926
244424081
244478242
244532409
244586582
244640761
244694946
244749137
244803334
244857537
244911746
244965961
245020182
245074409
245128642
245182881
245237126
245291377
245345634
245399897
245454166
245508441
245562722
245617009
245671302
245725601
245779906
245834217
245888534
245942857
245997186
246051521
246105862
246160209
246214562
246268921
246323286
246377657
246432034
246486417
246540806
246595201
246649602
246704009
246758422
246812841
246867266
246921697
246976134
247030577
247085026
247139481
247193942
247248409
247302882
247357361
247411846
247466337
247520834
247575337
247629846
247684361
247738882
247793409
247847942
247902481
247957026
248011577
248066134
248120697
248175266
248229841
248284422
248339009
248393602
248448201
248502806
248557417
248612034
248666657
248721286
248775921
248830562
248885209
248939862
248994521
249049186
249103857
249158534
249213217
249267906
249322601
249377302
249432009
249486722
249541441
249596166
249650897
249705634
249760377
249815126
249869881
249924642
249979409
250034182
250088961
250143746
250198537
250253334
250308137
250362946
250417761
250472582
250527409
250582242
250637081
250691926
250746777
250801634
250856497
250911366
250966241
251021122
251076009
251130902
251185801
251240706
251295617
251350534
251405457
251460386
251515321
251570262
251625209
251680162
251735121
251790086
251845057
251900034
251955017
252010006
252065001
252120002
252175009
252230022
252285041
252340066
252395097
252450134
252505177
252560226
252615281
252670342
252725409
252780482
252835561
252890646
252945737
253000834
253055937
253111046
253166161
253221282
253276409
253331542
253386681
253441826
253496977
253552134
253607297
253662466
253717641
253772822
253828009
253883202
253938401
253993606
254048817
254104034
254159257
254214486
254269721
254324962
254380209
254435462
254490721
254545986
254601257
254656534
254711817
254767106
254822401
254877702
254933009
254988322
255043641
255098966
255154297
255209634
255264977
255320326
255375681
255431042
255486409
255541782
255597161
255652546
255707937
255763334
255818737
255874146
255929561
255984982
256040409
256095842
256151281
256206726
256262177
256317634
256373097
256428566
256484041
256539522
256595009
256650502
256706001
256761506
256817017
256872534
256928057
256983586
257039121
257094662
257150209
257205762
257261321
257316886
257372457
257428034
257483617
257539206
257594801
257650402
257706009
257761622
257817241
257872866
257928497
257984134
258039777
258095426
258151081
258206742
258262409
258318082
258373761
258429446
258485137
258540834
258596537
258652246
258707961
258763682
258819409
258875142
258930881
258986626
259042377
259098134
259153897
259209666
259265441
259321222
259377009
259432802
259488601
259544406
259600217
259656034
259711857
259767686
259823521
259879362
259935209
259991062
260046921
260102786
260158657
260214534
260270417
260326306
260382201
260438102
260494009
260549922
260605841
260661766
260717697
260773634
260829577
260885526
260941481
260997442
261053409
261109382
261165361
261221346
261277337
261333334
261389337
261445346
261501361
261557382
261613409
261669442
261725481
261781526
261837577
261893634
261949697
262005766
262061841
262117922
262174009
262230102
262286201
262342306
262398417
262454534
262510657
262566786
262622921
262679062
262735209
262791362
262847521
262903686
262959857
263016034
263072217
263128406
263184601
263240802
263297009
263353222
263409441
263465666
263521897
263578134
263634377
263690626
263746881
263803142
263859409
263915682
263971961
264028246
264084537
264140834
264197137
264253446
264309761
264366082
264422409
264478742
264535081
264591426
264647777
264704134
264760497
264816866
264873241
264929622
264986009
265042402
265098801
265155206
265211617
265268034
265324457
265380886
265437321
265493762
265550209
265606662
265663121
265719586
265776057
265832534
265889017
265945506
266002001
266058502
266115009
266171522
266228041
266284566
266341097
266397634
266454177
266510726
266567281
266623842
266680409
266736982
266793561
266850146
266906737
266963334
267019937
267076546
267133161
267189782
267246409
267303042
267359681
267416326
267472977
267529634
267586297
267642966
267699641
267756322
267813009
267869702
267926401
267983106
268039817
268096534
268153257
268209986
268266721
268323462
268380209
268436962
268493721
268550486
268607257
268664034
268720817
268777606
268834401
268891202
268948009
269004822
269061641
269118466
269175297
269232134
269288977
269345826
269402681
269459542
269516409
269573282
269630161
269687046
269743937
269800834
269857737
269914646
269971561
270028482
270085409
270142342
270199281
270256226
270313177
270370134
270427097
270484066
270541041
270598022
270655009
270712002
270769001
270826006
270883017
270940034
270997057
271054086
271111121
271168162
271225209
271282262
271339321
271396386
271453457
271510534
271567617
271624706
271681801
271738902
271796009
271853122
271910241
271967366
272024497
272081634
272138777
272195926
272253081
272310242
272367409
272424582
272481761
272538946
272596137
272653334
272710537
272767746
272824961
272882182
272939409
272996642
273053881
273111126
273168377
273225634
273282897
273340166
273397441
273454722
273512009
273569302
273626601
273683906
273741217
273798534
273855857
273913186
273970521
274027862
274085209
274142562
274199921
274257286
274314657
274372034
274429417
274486806
274544201
274601602
274659009
274716422
274773841
274831266
274888697
274946134
275003577
275061026
275118481
275175942
275233409
275290882
275348361
275405846
275463337
275520834
275578337
275635846
275693361
275750882
275808409
275865942
275923481
275981026
276038577
276096134
276153697
276211266
276268841
276326422
276384009
276441602
276499201
276556806
276614417
276672034
276729657
276787286
276844921
276902562
276960209
277017862
277075521
277133186
277190857
277248534
277306217
277363906
277421601
277479302
277537009
277594722
277652441
277710166
277767897
277825634
277883377
277941126
277998881
278056642
278114409
278172182
278229961
278287746
278345537
278403334
278461137
278518946
278576761
278634582
278692409
278750242
278808081
278865926
278923777
278981634
279039497
279097366
279155241
279213122
279271009
279328902
279386801
279444706
279502617
279560534
279618457
279676386
279734321
279792262
279850209
279908162
279966121
280024086
280082057
280140034
280198017
280256006
280314001
280372002
280430009
280488022
280546041
280604066
280662097
280720134
280778177
280836226
280894281
280952342
281010409
281068482
281126561
281184646
281242737
281300834
281358937
281417046
281475161
281533282
281591409
281649542
281707681
281765826
281823977
281882134
281940297
281998466
282056641
282114822
282173009
282231202
282289401
282347606
282405817
282464034
282522257
282580486
282638721
282696962
282755209
282813462
282871721
282929986
282988257
283046534
283104817
283163106
283221401
283279702
283338009
283396322
283454641
283512966
283571297
283629634
283687977
283746326
283804681
283863042
283921409
283979782
284038161
284096546
284154937
284213334
284271737
284330146
284388561
284446982
284505409
284563842
284622281
284680726
284739177
284797634
284856097
284914566
284973041
285031522
285090009
285148502
285207001
285265506
285324017
285382534
285441057
285499586
285558121
285616662
285675209
285733762
285792321
285850886
285909457
285968034
286026617
286085206
286143801
286202402
286261009
286319622
286378241
286436866
286495497
286554134
286612777
286671426
286730081
286788742
286847409
286906082
286964761
287023446
287082137
287140834
287199537
287258246
287316961
287375682
287434409
287493142
287551881
287610626
287669377
287728134
287786897
287845666
287904441
287963222
288022009
288080802
288139601
288198406
288257217
288316034
288374857
288433686
288492521
288551362
288610209
288669062
288727921
288786786
288845657
288904534
288963417
289022306
289081201
289140102
289199009
289257922
289316841
289375766
289434697
289493634
289552577
289611526
289670481
289729442
289788409
289847382
289906361
289965346
290024337
290083334
290142337
290201346
290260361
290319382
290378409
290437442
290496481
290555526
290614577
290673634
290732697
290791766
290850841
290909922
290969009
291028102
291087201
291146306
291205417
291264534
291323657
291382786
291441921
291501062
291560209
291619362
291678521
291737686
291796857
291856034
291915217
291974406
292033601
292092802
292152009
292211222
292270441
292329666
292388897
292448134
292507377
292566626
292625881
292685142
292744409
292803682
292862961
292922246
292981537
293040834
293100137
293159446
293218761
293278082
293337409
293396742
293456081
293515426
293574777
293634134
293693497
293752866
293812241
293871622
293931009
293990402
294049801
294109206
294168617
294228034
294287457
294346886
294406321
294465762
294525209
294584662
294644121
294703586
294763057
294822534
294882017
294941506
295001001
295060502
295120009
295179522
295239041
295298566
295358097
295417634
295477177
295536726
295596281
295655842
295715409
295774982
295834561
295894146
295953737
296013334
296072937
296132546
296192161
296251782
296311409
296371042
296430681
296490326
296549977
296609634
296669297
296728966
296788641
296848322
296908009
296967702
297027401
297087106
297146817
297206534
297266257
297325986
297385721
297445462
297505209
297564962
297624721
297684486
297744257
297804034
297863817
297923606
297983401
298043202
298103009
298162822
298222641
298282466
298342297
298402134
298461977
298521826
298581681
298641542
298701409
298761282
298821161
298881046
298940937
299000834
299060737
299120646
299180561
299240482
299300409
299360342
299420281
299480226
299540177
299600134
299660097
299720066
299780041
299840022
299900009
299960002