9
40
99
186
301
444
615
814
1041
1296
1579
1890
2229
2596
2991
3414
3865
4344
4851
5386
5949
6540
7159
7806
8481
9184
9915
10674
11461
12276
13119
13990
14889
15816
16771
17754
18765
19804
20871
21966
23089
24240
25419
26626
27861
29124
30415
31734
33081
34456
35859
37290
38749
40236
41751
43294
44865
46464
48091
49746
51429
53140
54879
56646
58441
60264
62115
63994
65901
67836
69799
71790
73809
75856
77931
80034
82165
84324
86511
88726
90969
93240
95539
97866
100221
102604
105015
107454
109921
112416
114939
117490
120069
122676
125311
127974
130665
133384
136131
138906
141709
144540
147399
150286
153201
156144
159115
162114
165141
168196
171279
174390
177529
180696
183891
187114
190365
193644
196951
200286
203649
207040
210459
213906
217381
220884
224415
227974
231561
235176
238819
242490
246189
249916
253671
257454
261265
265104
268971
272866
276789
280740
284719
288726
292761
296824
300915
305034
309181
313356
317559
321790
326049
330336
334651
338994
343365
347764
352191
356646
361129
365640
370179
374746
379341
383964
388615
393294
398001
402736
407499
412290
417109
421956
426831
431734
436665
441624
446611
451626
456669
461740
466839
471966
477121
482304
487515
492754
498021
503316
508639
513990
519369
524776
530211
535674
541165
546684
552231
557806
563409
569040
574699
580386
586101
591844
597615
603414
609241
615096
620979
626890
632829
638796
644791
650814
656865
662944
669051
675186
681349
687540
693759
700006
706281
712584
718915
725274
731661
738076
744519
750990
757489
764016
770571
777154
783765
790404
797071
803766
810489
817240
824019
830826
837661
844524
851415
858334
865281
872256
879259
886290
893349
900436
907551
914694
921865
929064
936291
943546
950829
958140
965479
972846
980241
987664
995115
1002594
1010101
1017636
1025199
1032790
1040409
1048056
1055731
1063434
1071165
1078924
1086711
1094526
1102369
1110240
1118139
1126066
1134021
1142004
1150015
1158054
1166121
1174216
1182339
1190490
1198669
1206876
1215111
1223374
1231665
1239984
1248331
1256706
1265109
1273540
1281999
1290486
1299001
1307544
1316115
1324714
1333341
1341996
1350679
1359390
1368129
1376896
1385691
1394514
1403365
1412244
1421151
1430086
1439049
1448040
1457059
1466106
1475181
1484284
1493415
1502574
1511761
1520976
1530219
1539490
1548789
1558116
1567471
1576854
1586265
1595704
1605171
1614666
1624189
1633740
1643319
1652926
1662561
1672224
1681915
1691634
1701381
1711156
1720959
1730790
1740649
1750536
1760451
1770394
1780365
1790364
1800391
1810446
1820529
1830640
1840779
1850946
1861141
1871364
1881615
1891894
1902201
1912536
1922899
1933290
1943709
1954156
1964631
1975134
1985665
1996224
2006811
2017426
2028069
2038740
2049439
2060166
2070921
2081704
2092515
2103354
2114221
2125116
2136039
2146990
2157969
2168976
2180011
2191074
2202165
2213284
2224431
2235606
2246809
2258040
2269299
2280586
2291901
2303244
2314615
2326014
2337441
2348896
2360379
2371890
2383429
2394996
2406591
2418214
2429865
2441544
2453251
2464986
2476749
2488540
2500359
2512206
2524081
2535984
2547915
2559874
2571861
2583876
2595919
2607990
2620089
2632216
2644371
2656554
2668765
2681004
2693271
2705566
2717889
2730240
2742619
2755026
2767461
2779924
2792415
2804934
2817481
2830056
2842659
2855290
2867949
2880636
2893351
2906094
2918865
2931664
2944491
2957346
2970229
2983140
2996079
3009046
3022041
3035064
3048115
3061194
3074301
3087436
3100599
3113790
3127009
3140256
3153531
3166834
3180165
3193524
3206911
3220326
3233769
3247240
3260739
3274266
3287821
3301404
3315015
3328654
3342321
3356016
3369739
3383490
3397269
3411076
3424911
3438774
3452665
3466584
3480531
3494506
3508509
3522540
3536599
3550686
3564801
3578944
3593115
3607314
3621541
3635796
3650079
3664390
3678729
3693096
3707491
3721914
3736365
3750844
3765351
3779886
3794449
3809040
3823659
3838306
3852981
3867684
3882415
3897174
3911961
3926776
3941619
3956490
3971389
3986316
4001271
4016254
4031265
4046304
4061371
4076466
4091589
4106740
4121919
4137126
4152361
4167624
4182915
4198234
4213581
4228956
4244359
4259790
4275249
4290736
4306251
4321794
4337365
4352964
4368591
4384246
4399929
4415640
4431379
4447146
4462941
4478764
4494615
4510494
4526401
4542336
4558299
4574290
4590309
4606356
4622431
4638534
4654665
4670824
4687011
4703226
4719469
4735740
4752039
4768366
4784721
4801104
4817515
4833954
4850421
4866916
4883439
4899990
4916569
4933176
4949811
4966474
4983165
4999884
5016631
5033406
5050209
5067040
5083899
5100786
5117701
5134644
5151615
5168614
5185641
5202696
5219779
5236890
5254029
5271196
5288391
5305614
5322865
5340144
5357451
5374786
5392149
5409540
5426959
5444406
5461881
5479384
5496915
5514474
5532061
5549676
5567319
5584990
5602689
5620416
5638171
5655954
5673765
5691604
5709471
5727366
5745289
5763240
5781219
5799226
5817261
5835324
5853415
5871534
5889681
5907856
5926059
5944290
5962549
5980836
5999151
6017494
6035865
6054264
6072691
6091146
6109629
6128140
6146679
6165246
6183841
6202464
6221115
6239794
6258501
6277236
6295999
6314790
6333609
6352456
6371331
6390234
6409165
6428124
6447111
6466126
6485169
6504240
6523339
6542466
6561621
6580804
6600015
6619254
6638521
6657816
6677139
6696490
6715869
6735276
6754711
6774174
6793665
6813184
6832731
6852306
6871909
6891540
6911199
6930886
6950601
6970344
6990115
7009914
7029741
7049596
7069479
7089390
7109329
7129296
7149291
7169314
7189365
7209444
7229551
7249686
7269849
7290040
7310259
7330506
7350781
7371084
7391415
7411774
7432161
7452576
7473019
7493490
7513989
7534516
7555071
7575654
7596265
7616904
7637571
7658266
7678989
7699740
7720519
7741326
7762161
7783024
7803915
7824834
7845781
7866756
7887759
7908790
7929849
7950936
7972051
7993194
8014365
8035564
8056791
8078046
8099329
8120640
8141979
8163346
8184741
8206164
8227615
8249094
8270601
8292136
8313699
8335290
8356909
8378556
8400231
8421934
8443665
8465424
8487211
8509026
8530869
8552740
8574639
8596566
8618521
8640504
8662515
8684554
8706621
8728716
8750839
8772990
8795169
8817376
8839611
8861874
8884165
8906484
8928831
8951206
8973609
8996040
9018499
9040986
9063501
9086044
9108615
9131214
9153841
9176496
9199179
9221890
9244629
9267396
9290191
9313014
9335865
9358744
9381651
9404586
9427549
9450540
9473559
9496606
9519681
9542784
9565915
9589074
9612261
9635476
9658719
9681990
9705289
9728616
9751971
9775354
9798765
9822204
9845671
9869166
9892689
9916240
9939819
9963426
9987061
10010724
10034415
10058134
10081881
10105656
10129459
10153290
10177149
10201036
10224951
10248894
10272865
10296864
10320891
10344946
10369029
10393140
10417279
10441446
10465641
10489864
10514115
10538394
10562701
10587036
10611399
10635790
10660209
10684656
10709131
10733634
10758165
10782724
10807311
10831926
10856569
10881240
10905939
10930666
10955421
10980204
11005015
11029854
11054721
11079616
11104539
11129490
11154469
11179476
11204511
11229574
11254665
11279784
11304931
11330106
11355309
11380540
11405799
11431086
11456401
11481744
11507115
11532514
11557941
11583396
11608879
11634390
11659929
11685496
11711091
11736714
11762365
11788044
11813751
11839486
11865249
11891040
11916859
11942706
11968581
11994484
12020415
12046374
12072361
12098376
12124419
12150490
12176589
12202716
12228871
12255054
12281265
12307504
12333771
12360066
12386389
12412740
12439119
12465526
12491961
12518424
12544915
12571434
12597981
12624556
12651159
12677790
12704449
12731136
12757851
12784594
12811365
12838164
12864991
12891846
12918729
12945640
12972579
12999546
13026541
13053564
13080615
13107694
13134801
13161936
13189099
13216290
13243509
13270756
13298031
13325334
13352665
13380024
13407411
13434826
13462269
13489740
13517239
13544766
13572321
13599904
13627515
13655154
13682821
13710516
13738239
13765990
13793769
13821576
13849411
13877274
13905165
13933084
13961031
13989006
14017009
14045040
14073099
14101186
14129301
14157444
14185615
14213814
14242041
14270296
14298579
14326890
14355229
14383596
14411991
14440414
14468865
14497344
14525851
14554386
14582949
14611540
14640159
14668806
14697481
14726184
14754915
14783674
14812461
14841276
14870119
14898990
14927889
14956816
14985771
15014754
15043765
15072804
15101871
15130966
15160089
15189240
15218419
15247626
15276861
15306124
15335415
15364734
15394081
15423456
15452859
15482290
15511749
15541236
15570751
15600294
15629865
15659464
15689091
15718746
15748429
15778140
15807879
15837646
15867441
15897264
15927115
15956994
15986901
16016836
16046799
16076790
16106809
16136856
16166931
16197034
16227165
16257324
16287511
16317726
16347969
16378240
16408539
16438866
16469221
16499604
16530015
16560454
16590921
16621416
16651939
16682490
16713069
16743676
16774311
16804974
16835665
16866384
16897131
16927906
16958709
16989540
17020399
17051286
17082201
17113144
17144115
17175114
17206141
17237196
17268279
17299390
17330529
17361696
17392891
17424114
17455365
17486644
17517951
17549286
17580649
17612040
17643459
17674906
17706381
17737884
17769415
17800974
17832561
17864176
17895819
17927490
17959189
17990916
18022671
18054454
18086265
18118104
18149971
18181866
18213789
18245740
18277719
18309726
18341761
18373824
18405915
18438034
18470181
18502356
18534559
18566790
18599049
18631336
18663651
18695994
18728365
18760764
18793191
18825646
18858129
18890640
18923179
18955746
18988341
19020964
19053615
19086294
19119001
19151736
19184499
19217290
19250109
19282956
19315831
19348734
19381665
19414624
19447611
19480626
19513669
19546740
19579839
19612966
19646121
19679304
19712515
19745754
19779021
19812316
19845639
19878990
19912369
19945776
19979211
20012674
20046165
20079684
20113231
20146806
20180409
20214040
20247699
20281386
20315101
20348844
20382615
20416414
20450241
20484096
20517979
20551890
20585829
20619796
20653791
20687814
20721865
20755944
20790051
20824186
20858349
20892540
20926759
20961006
20995281
21029584
21063915
21098274
21132661
21167076
21201519
21235990
21270489
21305016
21339571
21374154
21408765
21443404
21478071
21512766
21547489
21582240
21617019
21651826
21686661
21721524
21756415
21791334
21826281
21861256
21896259
21931290
21966349
22001436
22036551
22071694
22106865
22142064
22177291
22212546
22247829
22283140
22318479
22353846
22389241
22424664
22460115
22495594
22531101
22566636
22602199
22637790
22673409
22709056
22744731
22780434
22816165
22851924
22887711
22923526
22959369
22995240
23031139
23067066
23103021
23139004
23175015
23211054
23247121
23283216
23319339
23355490
23391669
23427876
23464111
23500374
23536665
23572984
23609331
23645706
23682109
23718540
23754999
23791486
23828001
23864544
23901115
23937714
23974341
24010996
24047679
24084390
24121129
24157896
24194691
24231514
24268365
24305244
24342151
24379086
24416049
24453040
24490059
24527106
24564181
24601284
24638415
24675574
24712761
24749976
24787219
24824490
24861789
24899116
24936471
24973854
25011265
25048704
25086171
25123666
25161189
25198740
25236319
25273926
25311561
25349224
25386915
25424634
25462381
25500156
25537959
25575790
25613649
25651536
25689451
25727394
25765365
25803364
25841391
25879446
25917529
25955640
25993779
26031946
26070141
26108364
26146615
26184894
26223201
26261536
26299899
26338290
26376709
26415156
26453631
26492134
26530665
26569224
26607811
26646426
26685069
26723740
26762439
26801166
26839921
26878704
26917515
26956354
26995221
27034116
27073039
27111990
27150969
27189976
27229011
27268074
27307165
27346284
27385431
27424606
27463809
27503040
27542299
27581586
27620901
27660244
27699615
27739014
27778441
27817896
27857379
27896890
27936429
27975996
28015591
28055214
28094865
28134544
28174251
28213986
28253749
28293540
28333359
28373206
28413081
28452984
28492915
28532874
28572861
28612876
28652919
28692990
28733089
28773216
28813371
28853554
28893765
28934004
28974271
29014566
29054889
29095240
29135619
29176026
29216461
29256924
29297415
29337934
29378481
29419056
29459659
29500290
29540949
29581636
29622351
29663094
29703865
29744664
29785491
29826346
29867229
29908140
29949079
29990046
30031041
30072064
30113115
30154194
30195301
30236436
30277599
30318790
30360009
30401256
30442531
30483834
30525165
30566524
30607911
30649326
30690769
30732240
30773739
30815266
30856821
30898404
30940015
30981654
31023321
31065016
31106739
31148490
31190269
31232076
31273911
31315774
31357665
31399584
31441531
31483506
31525509
31567540
31609599
31651686
31693801
31735944
31778115
31820314
31862541
31904796
31947079
31989390
32031729
32074096
32116491
32158914
32201365
32243844
32286351
32328886
32371449
32414040
32456659
32499306
32541981
32584684
32627415
32670174
32712961
32755776
32798619
32841490
32884389
32927316
32970271
33013254
33056265
33099304
33142371
33185466
33228589
33271740
33314919
33358126
33401361
33444624
33487915
33531234
33574581
33617956
33661359
33704790
33748249
33791736
33835251
33878794
33922365
33965964
34009591
34053246
34096929
34140640
34184379
34228146
34271941
34315764
34359615
34403494
34447401
34491336
34535299
34579290
34623309
34667356
34711431
34755534
34799665
34843824
34888011
34932226
34976469
35020740
35065039
35109366
35153721
35198104
35242515
35286954
35331421
35375916
35420439
35464990
35509569
35554176
35598811
35643474
35688165
35732884
35777631
35822406
35867209
35912040
35956899
36001786
36046701
36091644
36136615
36181614
36226641
36271696
36316779
36361890
36407029
36452196
36497391
36542614
36587865
36633144
36678451
36723786
36769149
36814540
36859959
36905406
36950881
36996384
37041915
37087474
37133061
37178676
37224319
37269990
37315689
37361416
37407171
37452954
37498765
37544604
37590471
37636366
37682289
37728240
37774219
37820226
37866261
37912324
37958415
38004534
38050681
38096856
38143059
38189290
38235549
38281836
38328151
38374494
38420865
38467264
38513691
38560146
38606629
38653140
38699679
38746246
38792841
38839464
38886115
38932794
38979501
39026236
39072999
39119790
39166609
39213456
39260331
39307234
39354165
39401124
39448111
39495126
39542169
39589240
39636339
39683466
39730621
39777804
39825015
39872254
39919521
39966816
40014139
40061490
40108869
40156276
40203711
40251174
40298665
40346184
40393731
40441306
40488909
40536540
40584199
40631886
40679601
40727344
40775115
40822914
40870741
40918596
40966479
41014390
41062329
41110296
41158291
41206314
41254365
41302444
41350551
41398686
41446849
41495040
41543259
41591506
41639781
41688084
41736415
41784774
41833161
41881576
41930019
41978490
42026989
42075516
42124071
42172654
42221265
42269904
42318571
42367266
42415989
42464740
42513519
42562326
42611161
42660024
42708915
42757834
42806781
42855756
42904759
42953790
43002849
43051936
43101051
43150194
43199365
43248564
43297791
43347046
43396329
43445640
43494979
43544346
43593741
43643164
43692615
43742094
43791601
43841136
43890699
43940290
43989909
44039556
44089231
44138934
44188665
44238424
44288211
44338026
44387869
44437740
44487639
44537566
44587521
44637504
44687515
44737554
44787621
44837716
44887839
44937990
44988169
45038376
45088611
45138874
45189165
45239484
45289831
45340206
45390609
45441040
45491499
45541986
45592501
45643044
45693615
45744214
45794841
45845496
45896179
45946890
45997629
46048396
46099191
46150014
46200865
46251744
46302651
46353586
46404549
46455540
46506559
46557606
46608681
46659784
46710915
46762074
46813261
46864476
46915719
46966990
47018289
47069616
47120971
47172354
47223765
47275204
47326671
47378166
47429689
47481240
47532819
47584426
47636061
47687724
47739415
47791134
47842881
47894656
47946459
47998290
48050149
48102036
48153951
48205894
48257865
48309864
48361891
48413946
48466029
48518140
48570279
48622446
48674641
48726864
48779115
48831394
48883701
48936036
48988399
49040790
49093209
49145656
49198131
49250634
49303165
49355724
49408311
49460926
49513569
49566240
49618939
49671666
49724421
49777204
49830015
49882854
49935721
49988616
50041539
50094490
50147469
50200476
50253511
50306574
50359665
50412784
50465931
50519106
50572309
50625540
50678799
50732086
50785401
50838744
50892115
50945514
50998941
51052396
51105879
51159390
51212929
51266496
51320091
51373714
51427365
51481044
51534751
51588486
51642249
51696040
51749859
51803706
51857581
51911484
51965415
52019374
52073361
52127376
52181419
52235490
52289589
52343716
52397871
52452054
52506265
52560504
52614771
52669066
52723389
52777740
52832119
52886526
52940961
52995424
53049915
53104434
53158981
53213556
53268159
53322790
53377449
53432136
53486851
53541594
53596365
53651164
53705991
53760846
53815729
53870640
53925579
53980546
54035541
54090564
54145615
54200694
54255801
54310936
54366099
54421290
54476509
54531756
54587031
54642334
54697665
54753024
54808411
54863826
54919269
54974740
55030239
55085766
55141321
55196904
55252515
55308154
55363821
55419516
55475239
55530990
55586769
55642576
55698411
55754274
55810165
55866084
55922031
55978006
56034009
56090040
56146099
56202186
56258301
56314444
56370615
56426814
56483041
56539296
56595579
56651890
56708229
56764596
56820991
56877414
56933865
56990344
57046851
57103386
57159949
57216540
57273159
57329806
57386481
57443184
57499915
57556674
57613461
57670276
57727119
57783990
57840889
57897816
57954771
58011754
58068765
58125804
58182871
58239966
58297089
58354240
58411419
58468626
58525861
58583124
58640415
58697734
58755081
58812456
58869859
58927290
58984749
59042236
59099751
59157294
59214865
59272464
59330091
59387746
59445429
59503140
59560879
59618646
59676441
59734264
59792115
59849994
59907901
59965836
60023799
60081790
60139809
60197856
60255931
60314034
60372165
60430324
60488511
60546726
60604969
60663240
60721539
60779866
60838221
60896604
60955015
61013454
61071921
61130416
61188939
61247490
61306069
61364676
61423311
61481974
61540665
61599384
61658131
61716906
61775709
61834540
61893399
61952286
62011201
62070144
62129115
62188114
62247141
62306196
62365279
62424390
62483529
62542696
62601891
62661114
62720365
62779644
62838951
62898286
62957649
63017040
63076459
63135906
63195381
63254884
63314415
63373974
63433561
63493176
63552819
63612490
63672189
63731916
63791671
63851454
63911265
63971104
64030971
64090866
64150789
64210740
64270719
64330726
64390761
64450824
64510915
64571034
64631181
64691356
64751559
64811790
64872049
64932336
64992651
65052994
65113365
65173764
65234191
65294646
65355129
65415640
65476179
65536746
65597341
65657964
65718615
65779294
65840001
65900736
65961499
66022290
66083109
66143956
66204831
66265734
66326665
66387624
66448611
66509626
66570669
66631740
66692839
66753966
66815121
66876304
66937515
66998754
67060021
67121316
67182639
67243990
67305369
67366776
67428211
67489674
67551165
67612684
67674231
67735806
67797409
67859040
67920699
67982386
68044101
68105844
68167615
68229414
68291241
68353096
68414979
68476890
68538829
68600796
68662791
68724814
68786865
68848944
68911051
68973186
69035349
69097540
69159759
69222006
69284281
69346584
69408915
69471274
69533661
69596076
69658519
69720990
69783489
69846016
69908571
69971154
70033765
70096404
70159071
70221766
70284489
70347240
70410019
70472826
70535661
70598524
70661415
70724334
70787281
70850256
70913259
70976290
71039349
71102436
71165551
71228694
71291865
71355064
71418291
71481546
71544829
71608140
71671479
71734846
71798241
71861664
71925115
71988594
72052101
72115636
72179199
72242790
72306409
72370056
72433731
72497434
72561165
72624924
72688711
72752526
72816369
72880240
72944139
73008066
73072021
73136004
73200015
73264054
73328121
73392216
73456339
73520490
73584669
73648876
73713111
73777374
73841665
73905984
73970331
74034706
74099109
74163540
74227999
74292486
74357001
74421544
74486115
74550714
74615341
74679996
74744679
74809390
74874129
74938896
75003691
75068514
75133365
75198244
75263151
75328086
75393049
75458040
75523059
75588106
75653181
75718284
75783415
75848574
75913761
75978976
76044219
76109490
76174789
76240116
76305471
76370854
76436265
76501704
76567171
76632666
76698189
76763740
76829319
76894926
76960561
77026224
77091915
77157634
77223381
77289156
77354959
77420790
77486649
77552536
77618451
77684394
77750365
77816364
77882391
77948446
78014529
78080640
78146779
78212946
78279141
78345364
78411615
78477894
78544201
78610536
78676899
78743290
78809709
78876156
78942631
79009134
79075665
79142224
79208811
79275426
79342069
79408740
79475439
79542166
79608921
79675704
79742515
79809354
79876221
79943116
80010039
80076990
80143969
80210976
80278011
80345074
80412165
80479284
80546431
80613606
80680809
80748040
80815299
80882586
80949901
81017244
81084615
81152014
81219441
81286896
81354379
81421890
81489429
81556996
81624591
81692214
81759865
81827544
81895251
81962986
82030749
82098540
82166359
82234206
82302081
82369984
82437915
82505874
82573861
82641876
82709919
82777990
82846089
82914216
82982371
83050554
83118765
83187004
83255271
83323566
83391889
83460240
83528619
83597026
83665461
83733924
83802415
83870934
83939481
84008056
84076659
84145290
84213949
84282636
84351351
84420094
84488865
84557664
84626491
84695346
84764229
84833140
84902079
84971046
85040041
85109064
85178115
85247194
85316301
85385436
85454599
85523790
85593009
85662256
85731531
85800834
85870165
85939524
86008911
86078326
86147769
86217240
86286739
86356266
86425821
86495404
86565015
86634654
86704321
86774016
86843739
86913490
86983269
87053076
87122911
87192774
87262665
87332584
87402531
87472506
87542509
87612540
87682599
87752686
87822801
87892944
87963115
88033314
88103541
88173796
88244079
88314390
88384729
88455096
88525491
88595914
88666365
88736844
88807351
88877886
88948449
89019040
89089659
89160306
89230981
89301684
89372415
89443174
89513961
89584776
89655619
89726490
89797389
89868316
89939271
90010254
90081265
90152304
90223371
90294466
90365589
90436740
90507919
90579126
90650361
90721624
90792915
90864234
90935581
91006956
91078359
91149790
91221249
91292736
91364251
91435794
91507365
91578964
91650591
91722246
91793929
91865640
91937379
92009146
92080941
92152764
92224615
92296494
92368401
92440336
92512299
92584290
92656309
92728356
92800431
92872534
92944665
93016824
93089011
93161226
93233469
93305740
93378039
93450366
93522721
93595104
93667515
93739954
93812421
93884916
93957439
94029990
94102569
94175176
94247811
94320474
94393165
94465884
94538631
94611406
94684209
94757040
94829899
94902786
94975701
95048644
95121615
95194614
95267641
95340696
95413779
95486890
95560029
95633196
95706391
95779614
95852865
95926144
95999451
96072786
96146149
96219540
96292959
96366406
96439881
96513384
96586915
96660474
96734061
96807676
96881319
96954990
97028689
97102416
97176171
97249954
97323765
97397604
97471471
97545366
97619289
97693240
97767219
97841226
97915261
97989324
98063415
98137534
98211681
98285856
98360059
98434290
98508549
98582836
98657151
98731494
98805865
98880264
98954691
99029146
99103629
99178140
99252679
99327246
99401841
99476464
99551115
99625794
99700501
99775236
99849999
99924790
99999609
100074456
100149331
100224234
100299165
100374124
100449111
100524126
100599169
100674240
100749339
100824466
100899621
100974804
101050015
101125254
101200521
101275816
101351139
101426490
101501869
101577276
101652711
101728174
101803665
101879184
101954731
102030306
102105909
102181540
102257199
102332886
102408601
102484344
102560115
102635914
102711741
102787596
102863479
102939390
103015329
103091296
103167291
103243314
103319365
103395444
103471551
103547686
103623849
103700040
103776259
103852506
103928781
104005084
104081415
104157774
104234161
104310576
104387019
104463490
104539989
104616516
104693071
104769654
104846265
104922904
104999571
105076266
105152989
105229740
105306519
105383326
105460161
105537024
105613915
105690834
105767781
105844756
105921759
105998790
106075849
106152936
106230051
106307194
106384365
106461564
106538791
106616046
106693329
106770640
106847979
106925346
107002741
107080164
107157615
107235094
107312601
107390136
107467699
107545290
107622909
107700556
107778231
107855934
107933665
108011424
108089211
108167026
108244869
108322740
108400639
108478566
108556521
108634504
108712515
108790554
108868621
108946716
109024839
109102990
109181169
109259376
109337611
109415874
109494165
109572484
109650831
109729206
109807609
109886040
109964499
110042986
110121501
110200044
110278615
110357214
110435841
110514496
110593179
110671890
110750629
110829396
110908191
110987014
111065865
111144744
111223651
111302586
111381549
111460540
111539559
111618606
111697681
111776784
111855915
111935074
112014261
112093476
112172719
112251990
112331289
112410616
112489971
112569354
112648765
112728204
112807671
112887166
112966689
113046240
113125819
113205426
113285061
113364724
113444415
113524134
113603881
113683656
113763459
113843290
113923149
114003036
114082951
114162894
114242865
114322864
114402891
114482946
114563029
114643140
114723279
114803446
114883641
114963864
115044115
115124394
115204701
115285036
115365399
115445790
115526209
115606656
115687131
115767634
115848165
115928724
116009311
116089926
116170569
116251240
116331939
116412666
116493421
116574204
116655015
116735854
116816721
116897616
116978539
117059490
117140469
117221476
117302511
117383574
117464665
117545784
117626931
117708106
117789309
117870540
117951799
118033086
118114401
118195744
118277115
118358514
118439941
118521396
118602879
118684390
118765929
118847496
118929091
119010714
119092365
119174044
119255751
119337486
119419249
119501040
119582859
119664706
119746581
119828484
119910415
119992374
120074361
120156376
120238419
120320490
120402589
120484716
120566871
120649054
120731265
120813504
120895771
120978066
121060389
121142740
121225119
121307526
121389961
121472424
121554915
121637434
121719981
121802556
121885159
121967790
122050449
122133136
122215851
122298594
122381365
122464164
122546991
122629846
122712729
122795640
122878579
122961546
123044541
123127564
123210615
123293694
123376801
123459936
123543099
123626290
123709509
123792756
123876031
123959334
124042665
124126024
124209411
124292826
124376269
124459740
124543239
124626766
124710321
124793904
124877515
124961154
125044821
125128516
125212239
125295990
125379769
125463576
125547411
125631274
125715165
125799084
125883031
125967006
126051009
126135040
126219099
126303186
126387301
126471444
126555615
126639814
126724041
126808296
126892579
126976890
127061229
127145596
127229991
127314414
127398865
127483344
127567851
127652386
127736949
127821540
127906159
127990806
128075481
128160184
128244915
128329674
128414461
128499276
128584119
128668990
128753889
128838816
128923771
129008754
129093765
129178804
129263871
129348966
129434089
129519240
129604419
129689626
129774861
129860124
129945415
130030734
130116081
130201456
130286859
130372290
130457749
130543236
130628751
130714294
130799865
130885464
130971091
131056746
131142429
131228140
131313879
131399646
131485441
131571264
131657115
131742994
131828901
131914836
132000799
132086790
132172809
132258856
132344931
132431034
132517165
132603324
132689511
132775726
132861969
132948240
133034539
133120866
133207221
133293604
133380015
133466454
133552921
133639416
133725939
133812490
133899069
133985676
134072311
134158974
134245665
134332384
134419131
134505906
134592709
134679540
134766399
134853286
134940201
135027144
135114115
135201114
135288141
135375196
135462279
135549390
135636529
135723696
135810891
135898114
135985365
136072644
136159951
136247286
136334649
136422040
136509459
136596906
136684381
136771884
136859415
136946974
137034561
137122176
137209819
137297490
137385189
137472916
137560671
137648454
137736265
137824104
137911971
137999866
138087789
138175740
138263719
138351726
138439761
138527824
138615915
138704034
138792181
138880356
138968559
139056790
139145049
139233336
139321651
139409994
139498365
139586764
139675191
139763646
139852129
139940640
140029179
140117746
140206341
140294964
140383615
140472294
140561001
140649736
140738499
140827290
140916109
141004956
141093831
141182734
141271665
141360624
141449611
141538626
141627669
141716740
141805839
141894966
141984121
142073304
142162515
142251754
142341021
142430316
142519639
142608990
142698369
142787776
142877211
142966674
143056165
143145684
143235231
143324806
143414409
143504040
143593699
143683386
143773101
143862844
143952615
144042414
144132241
144222096
144311979
144401890
144491829
144581796
144671791
144761814
144851865
144941944
145032051
145122186
145212349
145302540
145392759
145483006
145573281
145663584
145753915
145844274
145934661
146025076
146115519
146205990
146296489
146387016
146477571
146568154
146658765
146749404
146840071
146930766
147021489
147112240
147203019
147293826
147384661
147475524
147566415
147657334
147748281
147839256
147930259
148021290
148112349
148203436
148294551
148385694
148476865
148568064
148659291
148750546
148841829
148933140
149024479
149115846
149207241
149298664
149390115
149481594
149573101
149664636
149756199
149847790
149939409
150031056
150122731
150214434
150306165
150397924
150489711
150581526
150673369
150765240
150857139
150949066
151041021
151133004
151225015
151317054
151409121
151501216
151593339
151685490
151777669
151869876
151962111
152054374
152146665
152238984
152331331
152423706
152516109
152608540
152700999
152793486
152886001
152978544
153071115
153163714
153256341
153348996
153441679
153534390
153627129
153719896
153812691
153905514
153998365
154091244
154184151
154277086
154370049
154463040
154556059
154649106
154742181
154835284
154928415
155021574
155114761
155207976
155301219
155394490
155487789
155581116
155674471
155767854
155861265
155954704
156048171
156141666
156235189
156328740
156422319
156515926
156609561
156703224
156796915
156890634
156984381
157078156
157171959
157265790
157359649
157453536
157547451
157641394
157735365
157829364
157923391
158017446
158111529
158205640
158299779
158393946
158488141
158582364
158676615
158770894
158865201
158959536
159053899
159148290
159242709
159337156
159431631
159526134
159620665
159715224
159809811
159904426
159999069
160093740
160188439
160283166
160377921
160472704
160567515
160662354
160757221
160852116
160947039
161041990
161136969
161231976
161327011
161422074
161517165
161612284
161707431
161802606
161897809
161993040
162088299
162183586
162278901
162374244
162469615
162565014
162660441
162755896
162851379
162946890
163042429
163137996
163233591
163329214
163424865
163520544
163616251
163711986
163807749
163903540
163999359
164095206
164191081
164286984
164382915
164478874
164574861
164670876
164766919
164862990
164959089
165055216
165151371
165247554
165343765
165440004
165536271
165632566
165728889
165825240
165921619
166018026
166114461
166210924
166307415
166403934
166500481
166597056
166693659
166790290
166886949
166983636
167080351
167177094
167273865
167370664
167467491
167564346
167661229
167758140
167855079
167952046
168049041
168146064
168243115
168340194
168437301
168534436
168631599
168728790
168826009
168923256
169020531
169117834
169215165
169312524
169409911
169507326
169604769
169702240
169799739
169897266
169994821
170092404
170190015
170287654
170385321
170483016
170580739
170678490
170776269
170874076
170971911
171069774
171167665
171265584
171363531
171461506
171559509
171657540
171755599
171853686
171951801
172049944
172148115
172246314
172344541
172442796
172541079
172639390
172737729
172836096
172934491
173032914
173131365
173229844
173328351
173426886
173525449
173624040
173722659
173821306
173919981
174018684
174117415
174216174
174314961
174413776
174512619
174611490
174710389
174809316
174908271
175007254
175106265
175205304
175304371
175403466
175502589
175601740
175700919
175800126
175899361
175998624
176097915
176197234
176296581
176395956
176495359
176594790
176694249
176793736
176893251
176992794
177092365
177191964
177291591
177391246
177490929
177590640
177690379
177790146
177889941
177989764
178089615
178189494
178289401
178389336
178489299
178589290
178689309
178789356
178889431
178989534
179089665
179189824
179290011
179390226
179490469
179590740
179691039
179791366
179891721
179992104
180092515
180192954
180293421
180393916
180494439
180594990
180695569
180796176
180896811
180997474
181098165
181198884
181299631
181400406
181501209
181602040
181702899
181803786
181904701
182005644
182106615
182207614
182308641
182409696
182510779
182611890
182713029
182814196
182915391
183016614
183117865
183219144
183320451
183421786
183523149
183624540
183725959
183827406
183928881
184030384
184131915
184233474
184335061
184436676
184538319
184639990
184741689
184843416
184945171
185046954
185148765
185250604
185352471
185454366
185556289
185658240
185760219
185862226
185964261
186066324
186168415
186270534
186372681
186474856
186577059
186679290
186781549
186883836
186986151
187088494
187190865
187293264
187395691
187498146
187600629
187703140
187805679
187908246
188010841
188113464
188216115
188318794
188421501
188524236
188626999
188729790
188832609
188935456
189038331
189141234
189244165
189347124
189450111
189553126
189656169
189759240
189862339
189965466
190068621
190171804
190275015
190378254
190481521
190584816
190688139
190791490
190894869
190998276
191101711
191205174
191308665
191412184
191515731
191619306
191722909
191826540
191930199
192033886
192137601
192241344
192345115
192448914
192552741
192656596
192760479
192864390
192968329
193072296
193176291
193280314
193384365
193488444
193592551
193696686
193800849
193905040
194009259
194113506
194217781
194322084
194426415
194530774
194635161
194739576
194844019
194948490
195052989
195157516
195262071
195366654
195471265
195575904
195680571
195785266
195889989
195994740
196099519
196204326
196309161
196414024
196518915
196623834
196728781
196833756
196938759
197043790
197148849
197253936
197359051
197464194
197569365
197674564
197779791
197885046
197990329
198095640
198200979
198306346
198411741
198517164
198622615
198728094
198833601
198939136
199044699
199150290
199255909
199361556
199467231
199572934
199678665
199784424
199890211
199996026
200101869
200207740
200313639
200419566
200525521
200631504
200737515
200843554
200949621
201055716
201161839
201267990
201374169
201480376
201586611
201692874
201799165
201905484
202011831
202118206
202224609
202331040
202437499
202543986
202650501
202757044
202863615
202970214
203076841
203183496
203290179
203396890
203503629
203610396
203717191
203824014
203930865
204037744
204144651
204251586
204358549
204465540
204572559
204679606
204786681
204893784
205000915
205108074
205215261
205322476
205429719
205536990
205644289
205751616
205858971
205966354
206073765
206181204
206288671
206396166
206503689
206611240
206718819
206826426
206934061
207041724
207149415
207257134
207364881
207472656
207580459
207688290
207796149
207904036
208011951
208119894
208227865
208335864
208443891
208551946
208660029
208768140
208876279
208984446
209092641
209200864
209309115
209417394
209525701
209634036
209742399
209850790
209959209
210067656
210176131
210284634
210393165
210501724
210610311
210718926
210827569
210936240
211044939
211153666
211262421
211371204
211480015
211588854
211697721
211806616
211915539
212024490
212133469
212242476
212351511
212460574
212569665
212678784
212787931
212897106
213006309
213115540
213224799
213334086
213443401
213552744
213662115
213771514
213880941
213990396
214099879
214209390
214318929
214428496
214538091
214647714
214757365
214867044
214976751
215086486
215196249
215306040
215415859
215525706
215635581
215745484
215855415
215965374
216075361
216185376
216295419
216405490
216515589
216625716
216735871
216846054
216956265
217066504
217176771
217287066
217397389
217507740
217618119
217728526
217838961
217949424
218059915
218170434
218280981
218391556
218502159
218612790
218723449
218834136
218944851
219055594
219166365
219277164
219387991
219498846
219609729
219720640
219831579
219942546
220053541
220164564
220275615
220386694
220497801
220608936
220720099
220831290
220942509
221053756
221165031
221276334
221387665
221499024
221610411
221721826
221833269
221944740
222056239
222167766
222279321
222390904
222502515
222614154
222725821
222837516
222949239
223060990
223172769
223284576
223396411
223508274
223620165
223732084
223844031
223956006
224068009
224180040
224292099
224404186
224516301
224628444
224740615
224852814
224965041
225077296
225189579
225301890
225414229
225526596
225638991
225751414
225863865
225976344
226088851
226201386
226313949
226426540
226539159
226651806
226764481
226877184
226989915
227102674
227215461
227328276
227441119
227553990
227666889
227779816
227892771
228005754
228118765
228231804
228344871
228457966
228571089
228684240
228797419
228910626
229023861
229137124
229250415
229363734
229477081
229590456
229703859
229817290
229930749
230044236
230157751
230271294
230384865
230498464
230612091
230725746
230839429
230953140
231066879
231180646
231294441
231408264
231522115
231635994
231749901
231863836
231977799
232091790
232205809
232319856
232433931
232548034
232662165
232776324
232890511
233004726
233118969
233233240
233347539
233461866
233576221
233690604
233805015
233919454
234033921
234148416
234262939
234377490
234492069
234606676
234721311
234835974
234950665
235065384
235180131
235294906
235409709
235524540
235639399
235754286
235869201
235984144
236099115
236214114
236329141
236444196
236559279
236674390
236789529
236904696
237019891
237135114
237250365
237365644
237480951
237596286
237711649
237827040
237942459
238057906
238173381
238288884
238404415
238519974
238635561
238751176
238866819
238982490
239098189
239213916
239329671
239445454
239561265
239677104
239792971
239908866
240024789
240140740
240256719
240372726
240488761
240604824
240720915
240837034
240953181
241069356
241185559
241301790
241418049
241534336
241650651
241766994
241883365
241999764
242116191
242232646
242349129
242465640
242582179
242698746
242815341
242931964
243048615
243165294
243282001
243398736
243515499
243632290
243749109
243865956
243982831
244099734
244216665
244333624
244450611
244567626
244684669
244801740
244918839
245035966
245153121
245270304
245387515
245504754
245622021
245739316
245856639
245973990
246091369
246208776
246326211
246443674
246561165
246678684
246796231
246913806
247031409
247149040
247266699
247384386
247502101
247619844
247737615
247855414
247973241
248091096
248208979
248326890
248444829
248562796
248680791
248798814
248916865
249034944
249153051
249271186
249389349
249507540
249625759
249744006
249862281
249980584
250098915
250217274
250335661
250454076
250572519
250690990
250809489
250928016
251046571
251165154
251283765
251402404
251521071
251639766
251758489
251877240
251996019
252114826
252233661
252352524
252471415
252590334
252709281
252828256
252947259
253066290
253185349
253304436
253423551
253542694
253661865
253781064
253900291
254019546
254138829
254258140
254377479
254496846
254616241
254735664
254855115
254974594
255094101
255213636
255333199
255452790
255572409
255692056
255811731
255931434
256051165
256170924
256290711
256410526
256530369
256650240
256770139
256890066
257010021
257130004
257250015
257370054
257490121
257610216
257730339
257850490
257970669
258090876
258211111
258331374
258451665
258571984
258692331
258812706
258933109
259053540
259173999
259294486
259415001
259535544
259656115
259776714
259897341
260017996
260138679
260259390
260380129
260500896
260621691
260742514
260863365
260984244
261105151
261226086
261347049
261468040
261589059
261710106
261831181
261952284
262073415
262194574
262315761
262436976
262558219
262679490
262800789
262922116
263043471
263164854
263286265
263407704
263529171
263650666
263772189
263893740
264015319
264136926
264258561
264380224
264501915
264623634
264745381
264867156
264988959
265110790
265232649
265354536
265476451
265598394
265720365
265842364
265964391
266086446
266208529
266330640
266452779
266574946
266697141
266819364
266941615
267063894
267186201
267308536
267430899
267553290
267675709
267798156
267920631
268043134
268165665
268288224
268410811
268533426
268656069
268778740
268901439
269024166
269146921
269269704
269392515
269515354
269638221
269761116
269884039
270006990
270129969
270252976
270376011
270499074
270622165
270745284
270868431
270991606
271114809
271238040
271361299
271484586
271607901
271731244
271854615
271978014
272101441
272224896
272348379
272471890
272595429
272718996
272842591
272966214
273089865
273213544
273337251
273460986
273584749
273708540
273832359
273956206
274080081
274203984
274327915
274451874
274575861
274699876
274823919
274947990
275072089
275196216
275320371
275444554
275568765
275693004
275817271
275941566
276065889
276190240
276314619
276439026
276563461
276687924
276812415
276936934
277061481
277186056
277310659
277435290
277559949
277684636
277809351
277934094
278058865
278183664
278308491
278433346
278558229
278683140
278808079
278933046
279058041
279183064
279308115
279433194
279558301
279683436
279808599
279933790
280059009
280184256
280309531
280434834
280560165
280685524
280810911
280936326
281061769
281187240
281312739
281438266
281563821
281689404
281815015
281940654
282066321
282192016
282317739
282443490
282569269
282695076
282820911
282946774
283072665
283198584
283324531
283450506
283576509
283702540
283828599
283954686
284080801
284206944
284333115
284459314
284585541
284711796
284838079
284964390
285090729
285217096
285343491
285469914
285596365
285722844
285849351
285975886
286102449
286229040
286355659
286482306
286608981
286735684
286862415
286989174
287115961
287242776
287369619
287496490
287623389
287750316
287877271
288004254
288131265
288258304
288385371
288512466
288639589
288766740
288893919
289021126
289148361
289275624
289402915
289530234
289657581
289784956
289912359
290039790
290167249
290294736
290422251
290549794
290677365
290804964
290932591
291060246
291187929
291315640
291443379
291571146
291698941
291826764
291954615
292082494
292210401
292338336
292466299
292594290
292722309
292850356
292978431
293106534
293234665
293362824
293491011
293619226
293747469
293875740
294004039
294132366
294260721
294389104
294517515
294645954
294774421
294902916
295031439
295159990
295288569
295417176
295545811
295674474
295803165
295931884
296060631
296189406
296318209
296447040
296575899
296704786
296833701
296962644
297091615
297220614
297349641
297478696
297607779
297736890
297866029
297995196
298124391
298253614
298382865
298512144
298641451
298770786
298900149
299029540
299158959
299288406
299417881
299547384
299676915
299806474
299936061
300065676
300195319
300324990
300454689
300584416
300714171
300843954
300973765
301103604
301233471
301363366
301493289
301623240
301753219
301883226
302013261
302143324
302273415
302403534
302533681
302663856
302794059
302924290
303054549
303184836
303315151
303445494
303575865
303706264
303836691
303967146
304097629
304228140
304358679
304489246
304619841
304750464
304881115
305011794
305142501
305273236
305403999
305534790
305665609
305796456
305927331
306058234
306189165
306320124
306451111
306582126
306713169
306844240
306975339
307106466
307237621
307368804
307500015
307631254
307762521
307893816
308025139
308156490
308287869
308419276
308550711
308682174
308813665
308945184
309076731
309208306
309339909
309471540
309603199
309734886
309866601
309998344
310130115
310261914
310393741
310525596
310657479
310789390
310921329
311053296
311185291
311317314
311449365
311581444
311713551
311845686
311977849
312110040
312242259
312374506
312506781
312639084
312771415
312903774
313036161
313168576
313301019
313433490
313565989
313698516
313831071
313963654
314096265
314228904
314361571
314494266
314626989
314759740
314892519
315025326
315158161
315291024
315423915
315556834
315689781
315822756
315955759
316088790
316221849
316354936
316488051
316621194
316754365
316887564
317020791
317154046
317287329
317420640
317553979
317687346
317820741
317954164
318087615
318221094
318354601
318488136
318621699
318755290
318888909
319022556
319156231
319289934
319423665
319557424
319691211
319825026
319958869
320092740
320226639
320360566
320494521
320628504
320762515
320896554
321030621
321164716
321298839
321432990
321567169
321701376
321835611
321969874
322104165
322238484
322372831
322507206
322641609
322776040
322910499
323044986
323179501
323314044
323448615
323583214
323717841
323852496
323987179
324121890
324256629
324391396
324526191
324661014
324795865
324930744
325065651
325200586
325335549
325470540
325605559
325740606
325875681
326010784
326145915
326281074
326416261
326551476
326686719
326821990
326957289
327092616
327227971
327363354
327498765
327634204
327769671
327905166
328040689
328176240
328311819
328447426
328583061
328718724
328854415
328990134
329125881
329261656
329397459
329533290
329669149
329805036
329940951
330076894
330212865
330348864
330484891
330620946
330757029
330893140
331029279
331165446
331301641
331437864
331574115
331710394
331846701
331983036
332119399
332255790
332392209
332528656
332665131
332801634
332938165
333074724
333211311
333347926
333484569
333621240
333757939
333894666
334031421
334168204
334305015
334441854
334578721
334715616
334852539
334989490
335126469
335263476
335400511
335537574
335674665
335811784
335948931
336086106
336223309
336360540
336497799
336635086
336772401
336909744
337047115
337184514
337321941
337459396
337596879
337734390
337871929
338009496
338147091
338284714
338422365
338560044
338697751
338835486
338973249
339111040
339248859
339386706
339524581
339662484
339800415
339938374
340076361
340214376
340352419
340490490
340628589
340766716
340904871
341043054
341181265
341319504
341457771
341596066
341734389
341872740
342011119
342149526
342287961
342426424
342564915
342703434
342841981
342980556
343119159
343257790
343396449
343535136
343673851
343812594
343951365
344090164
344228991
344367846
344506729
344645640
344784579
344923546
345062541
345201564
345340615
345479694
345618801
345757936
345897099
346036290
346175509
346314756
346454031
346593334
346732665
346872024
347011411
347150826
347290269
347429740
347569239
347708766
347848321
347987904
348127515
348267154
348406821
348546516
348686239
348825990
348965769
349105576
349245411
349385274
349525165
349665084
349805031
349945006
350085009
350225040
350365099
350505186
350645301
350785444
350925615
351065814
351206041
351346296
351486579
351626890
351767229
351907596
352047991
352188414
352328865
352469344
352609851
352750386
352890949
353031540
353172159
353312806
353453481
353594184
353734915
353875674
354016461
354157276
354298119
354438990
354579889
354720816
354861771
355002754
355143765
355284804
355425871
355566966
355708089
355849240
355990419
356131626
356272861
356414124
356555415
356696734
356838081
356979456
357120859
357262290
357403749
357545236
357686751
357828294
357969865
358111464
358253091
358394746
358536429
358678140
358819879
358961646
359103441
359245264
359387115
359528994
359670901
359812836
359954799
360096790
360238809
360380856
360522931
360665034
360807165
360949324
361091511
361233726
361375969
361518240
361660539
361802866
361945221
362087604
362230015
362372454
362514921
362657416
362799939
362942490
363085069
363227676
363370311
363512974
363655665
363798384
363941131
364083906
364226709
364369540
364512399
364655286
364798201
364941144
365084115
365227114
365370141
365513196
365656279
365799390
365942529
366085696
366228891
366372114
366515365
366658644
366801951
366945286
367088649
367232040
367375459
367518906
367662381
367805884
367949415
368092974
368236561
368380176
368523819
368667490
368811189
368954916
369098671
369242454
369386265
369530104
369673971
369817866
369961789
370105740
370249719
370393726
370537761
370681824
370825915
370970034
371114181
371258356
371402559
371546790
371691049
371835336
371979651
372123994
372268365
372412764
372557191
372701646
372846129
372990640
373135179
373279746
373424341
373568964
373713615
373858294
374003001
374147736
374292499
374437290
374582109
374726956
374871831
375016734
375161665
375306624
375451611
375596626
375741669
375886740
376031839
376176966
376322121
376467304
376612515
376757754
376903021
377048316
377193639
377338990
377484369
377629776
377775211
377920674
378066165
378211684
378357231
378502806
378648409
378794040
378939699
379085386
379231101
379376844
379522615
379668414
379814241
379960096
380105979
380251890
380397829
380543796
380689791
380835814
380981865
381127944
381274051
381420186
381566349
381712540
381858759
382005006
382151281
382297584
382443915
382590274
382736661
382883076
383029519
383175990
383322489
383469016
383615571
383762154
383908765
384055404
384202071
384348766
384495489
384642240
384789019
384935826
385082661
385229524
385376415
385523334
385670281
385817256
385964259
386111290
386258349
386405436
386552551
386699694
386846865
386994064
387141291
387288546
387435829
387583140
387730479
387877846
388025241
388172664
388320115
388467594
388615101
388762636
388910199
389057790
389205409
389353056
389500731
389648434
389796165
389943924
390091711
390239526
390387369
390535240
390683139
390831066
390979021
391127004
391275015
391423054
391571121
391719216
391867339
392015490
392163669
392311876
392460111
392608374
392756665
392904984
393053331
393201706
393350109
393498540
393646999
393795486
393944001
394092544
394241115
394389714
394538341
394686996
394835679
394984390
395133129
395281896
395430691
395579514
395728365
395877244
396026151
396175086
396324049
396473040
396622059
396771106
396920181
397069284
397218415
397367574
397516761
397665976
397815219
397964490
398113789
398263116
398412471
398561854
398711265
398860704
399010171
399159666
399309189
399458740
399608319
399757926
399907561
400057224
400206915
400356634
400506381
400656156
400805959
400955790
401105649
401255536
401405451
401555394
401705365
401855364
402005391
402155446
402305529
402455640
402605779
402755946
402906141
403056364
403206615
403356894
403507201
403657536
403807899
403958290
404108709
404259156
404409631
404560134
404710665
404861224
405011811
405162426
405313069
405463740
405614439
405765166
405915921
406066704
406217515
406368354
406519221
406670116
406821039
406971990
407122969
407273976
407425011
407576074
407727165
407878284
408029431
408180606
408331809
408483040
408634299
408785586
408936901
409088244
409239615
409391014
409542441
409693896
409845379
409996890
410148429
410299996
410451591
410603214
410754865
410906544
411058251
411209986
411361749
411513540
411665359
411817206
411969081
412120984
412272915
412424874
412576861
412728876
412880919
413032990
413185089
413337216
413489371
413641554
413793765
413946004
414098271
414250566
414402889
414555240
414707619
414860026
415012461
415164924
415317415
415469934
415622481
415775056
415927659
416080290
416232949
416385636
416538351
416691094
416843865
416996664
417149491
417302346
417455229
417608140
417761079
417914046
418067041
418220064
418373115
418526194
418679301
418832436
418985599
419138790
419292009
419445256
419598531
419751834
419905165
420058524
420211911
420365326
420518769
420672240
420825739
420979266
421132821
421286404
421440015
421593654
421747321
421901016
422054739
422208490
422362269
422516076
422669911
422823774
422977665
423131584
423285531
423439506
423593509
423747540
423901599
424055686
424209801
424363944
424518115
424672314
424826541
424980796
425135079
425289390
425443729
425598096
425752491
425906914
426061365
426215844
426370351
426524886
426679449
426834040
426988659
427143306
427297981
427452684
427607415
427762174
427916961
428071776
428226619
428381490
428536389
428691316
428846271
429001254
429156265
429311304
429466371
429621466
429776589
429931740
430086919
430242126
430397361
430552624
430707915
430863234
431018581
431173956
431329359
431484790
431640249
431795736
431951251
432106794
432262365
432417964
432573591
432729246
432884929
433040640
433196379
433352146
433507941
433663764
433819615
433975494
434131401
434287336
434443299
434599290
434755309
434911356
435067431
435223534
435379665
435535824
435692011
435848226
436004469
436160740
436317039
436473366
436629721
436786104
436942515
437098954
437255421
437411916
437568439
437724990
437881569
438038176
438194811
438351474
438508165
438664884
438821631
438978406
439135209
439292040
439448899
439605786
439762701
439919644
440076615
440233614
440390641
440547696
440704779
440861890
441019029
441176196
441333391
441490614
441647865
441805144
441962451
442119786
442277149
442434540
442591959
442749406
442906881
443064384
443221915
443379474
443537061
443694676
443852319
444009990
444167689
444325416
444483171
444640954
444798765
444956604
445114471
445272366
445430289
445588240
445746219
445904226
446062261
446220324
446378415
446536534
446694681
446852856
447011059
447169290
447327549
447485836
447644151
447802494
447960865
448119264
448277691
448436146
448594629
448753140
448911679
449070246
449228841
449387464
449546115
449704794
449863501
450022236
450180999
450339790
450498609
450657456
450816331
450975234
451134165
451293124
451452111
451611126
451770169
451929240
452088339
452247466
452406621
452565804
452725015
452884254
453043521
453202816
453362139
453521490
453680869
453840276
453999711
454159174
454318665
454478184
454637731
454797306
454956909
455116540
455276199
455435886
455595601
455755344
455915115
456074914
456234741
456394596
456554479
456714390
456874329
457034296
457194291
457354314
457514365
457674444
457834551
457994686
458154849
458315040
458475259
458635506
458795781
458956084
459116415
459276774
459437161
459597576
459758019
459918490
460078989
460239516
460400071
460560654
460721265
460881904
461042571
461203266
461363989
461524740
461685519
461846326
462007161
462168024
462328915
462489834
462650781
462811756
462972759
463133790
463294849
463455936
463617051
463778194
463939365
464100564
464261791
464423046
464584329
464745640
464906979
465068346
465229741
465391164
465552615
465714094
465875601
466037136
466198699
466360290
466521909
466683556
466845231
467006934
467168665
467330424
467492211
467654026
467815869
467977740
468139639
468301566
468463521
468625504
468787515
468949554
469111621
469273716
469435839
469597990
469760169
469922376
470084611
470246874
470409165
470571484
470733831
470896206
471058609
471221040
471383499
471545986
471708501
471871044
472033615
472196214
472358841
472521496
472684179
472846890
473009629
473172396
473335191
473498014
473660865
473823744
473986651
474149586
474312549
474475540
474638559
474801606
474964681
475127784
475290915
475454074
475617261
475780476
475943719
476106990
476270289
476433616
476596971
476760354
476923765
477087204
477250671
477414166
477577689
477741240
477904819
478068426
478232061
478395724
478559415
478723134
478886881
479050656
479214459
479378290
479542149
479706036
479869951
480033894
480197865
480361864
480525891
480689946
480854029
481018140
481182279
481346446
481510641
481674864
481839115
482003394
482167701
482332036
482496399
482660790
482825209
482989656
483154131
483318634
483483165
483647724
483812311
483976926
484141569
484306240
484470939
484635666
484800421
484965204
485130015
485294854
485459721
485624616
485789539
485954490
486119469
486284476
486449511
486614574
486779665
486944784
487109931
487275106
487440309
487605540
487770799
487936086
488101401
488266744
488432115
488597514
488762941
488928396
489093879
489259390
489424929
489590496
489756091
489921714
490087365
490253044
490418751
490584486
490750249
490916040
491081859
491247706
491413581
491579484
491745415
491911374
492077361
492243376
492409419
492575490
492741589
492907716
493073871
493240054
493406265
493572504
493738771
493905066
494071389
494237740
494404119
494570526
494736961
494903424
495069915
495236434
495402981
495569556
495736159
495902790
496069449
496236136
496402851
496569594
496736365
496903164
497069991
497236846
497403729
497570640
497737579
497904546
498071541
498238564
498405615
498572694
498739801
498906936
499074099
499241290
499408509
499575756
499743031
499910334
500077665
500245024
500412411
500579826
500747269
500914740
501082239
501249766
501417321
501584904
501752515
501920154
502087821
502255516
502423239
502590990
502758769
502926576
503094411
503262274
503430165
503598084
503766031
503934006
504102009
504270040
504438099
504606186
504774301
504942444
505110615
505278814
505447041
505615296
505783579
505951890
506120229
506288596
506456991
506625414
506793865
506962344
507130851
507299386
507467949
507636540
507805159
507973806
508142481
508311184
508479915
508648674
508817461
508986276
509155119
509323990
509492889
509661816
509830771
509999754
510168765
510337804
510506871
510675966
510845089
511014240
511183419
511352626
511521861
511691124
511860415
512029734
512199081
512368456
512537859
512707290
512876749
513046236
513215751
513385294
513554865
513724464
513894091
514063746
514233429
514403140
514572879
514742646
514912441
515082264
515252115
515421994
515591901
515761836
515931799
516101790
516271809
516441856
516611931
516782034
516952165
517122324
517292511
517462726
517632969
517803240
517973539
518143866
518314221
518484604
518655015
518825454
518995921
519166416
519336939
519507490
519678069
519848676
520019311
520189974
520360665
520531384
520702131
520872906
521043709
521214540
521385399
521556286
521727201
521898144
522069115
522240114
522411141
522582196
522753279
522924390
523095529
523266696
523437891
523609114
523780365
523951644
524122951
524294286
524465649
524637040
524808459
524979906
525151381
525322884
525494415
525665974
525837561
526009176
526180819
526352490
526524189
526695916
526867671
527039454
527211265
527383104
527554971
527726866
527898789
528070740
528242719
528414726
528586761
528758824
528930915
529103034
529275181
529447356
529619559
529791790
529964049
530136336
530308651
530480994
530653365
530825764
530998191
531170646
531343129
531515640
531688179
531860746
532033341
532205964
532378615
532551294
532724001
532896736
533069499
533242290
533415109
533587956
533760831
533933734
534106665
534279624
534452611
534625626
534798669
534971740
535144839
535317966
535491121
535664304
535837515
536010754
536184021
536357316
536530639
536703990
536877369
537050776
537224211
537397674
537571165
537744684
537918231
538091806
538265409
538439040
538612699
538786386
538960101
539133844
539307615
539481414
539655241
539829096
540002979
540176890
540350829
540524796
540698791
540872814
541046865
541220944
541395051
541569186
541743349
541917540
542091759
542266006
542440281
542614584
542788915
542963274
543137661
543312076
543486519
543660990
543835489
544010016
544184571
544359154
544533765
544708404
544883071
545057766
545232489
545407240
545582019
545756826
545931661
546106524
546281415
546456334
546631281
546806256
546981259
547156290
547331349
547506436
547681551
547856694
548031865
548207064
548382291
548557546
548732829
548908140
549083479
549258846
549434241
549609664
549785115
549960594
550136101
550311636
550487199
550662790
550838409
551014056
551189731
551365434
551541165
551716924
551892711
552068526
552244369
552420240
552596139
552772066
552948021
553124004
553300015
553476054
553652121
553828216
554004339
554180490
554356669
554532876
554709111
554885374
555061665
555237984
555414331
555590706
555767109
555943540
556119999
556296486
556473001
556649544
556826115
557002714
557179341
557355996
557532679
557709390
557886129
558062896
558239691
558416514
558593365
558770244
558947151
559124086
559301049
559478040
559655059
559832106
560009181
560186284
560363415
560540574
560717761
560894976
561072219
561249490
561426789
561604116
561781471
561958854
562136265
562313704
562491171
562668666
562846189
563023740
563201319
563378926
563556561
563734224
563911915
564089634
564267381
564445156
564622959
564800790
564978649
565156536
565334451
565512394
565690365
565868364
566046391
566224446
566402529
566580640
566758779
566936946
567115141
567293364
567471615
567649894
567828201
568006536
568184899
568363290
568541709
568720156
568898631
569077134
569255665
569434224
569612811
569791426
569970069
570148740
570327439
570506166
570684921
570863704
571042515
571221354
571400221
571579116
571758039
571936990
572115969
572294976
572474011
572653074
572832165
573011284
573190431
573369606
573548809
573728040
573907299
574086586
574265901
574445244
574624615
574804014
574983441
575162896
575342379
575521890
575701429
575880996
576060591
576240214
576419865
576599544
576779251
576958986
577138749
577318540
577498359
577678206
577858081
578037984
578217915
578397874
578577861
578757876
578937919
579117990
579298089
579478216
579658371
579838554
580018765
580199004
580379271
580559566
580739889
580920240
581100619
581281026
581461461
581641924
581822415
582002934
582183481
582364056
582544659
582725290
582905949
583086636
583267351
583448094
583628865
583809664
583990491
584171346
584352229
584533140
584714079
584895046
585076041
585257064
585438115
585619194
585800301
585981436
586162599
586343790
586525009
586706256
586887531
587068834
587250165
587431524
587612911
587794326
587975769
588157240
588338739
588520266
588701821
588883404
589065015
589246654
589428321
589610016
589791739
589973490
590155269
590337076
590518911
590700774
590882665
591064584
591246531
591428506
591610509
591792540
591974599
592156686
592338801
592520944
592703115
592885314
593067541
593249796
593432079
593614390
593796729
593979096
594161491
594343914
594526365
594708844
594891351
595073886
595256449
595439040
595621659
595804306
595986981
596169684
596352415
596535174
596717961
596900776
597083619
597266490
597449389
597632316
597815271
597998254
598181265
598364304
598547371
598730466
598913589
599096740
599279919
599463126
599646361
599829624
600012915
600196234
600379581
600562956
600746359
600929790
601113249
601296736
601480251
601663794
601847365
602030964
602214591
602398246
602581929
602765640
602949379
603133146
603316941
603500764
603684615
603868494
604052401
604236336
604420299
604604290
604788309
604972356
605156431
605340534
605524665
605708824
605893011
606077226
606261469
606445740
606630039
606814366
606998721
607183104
607367515
607551954
607736421
607920916
608105439
608289990
608474569
608659176
608843811
609028474
609213165
609397884
609582631
609767406
609952209
610137040
610321899
610506786
610691701
610876644
611061615
611246614
611431641
611616696
611801779
611986890
612172029
612357196
612542391
612727614
612912865
613098144
613283451
613468786
613654149
613839540
614024959
614210406
614395881
614581384
614766915
614952474
615138061
615323676
615509319
615694990
615880689
616066416
616252171
616437954
616623765
616809604
616995471
617181366
617367289
617553240
617739219
617925226
618111261
618297324
618483415
618669534
618855681
619041856
619228059
619414290
619600549
619786836
619973151
620159494
620345865
620532264
620718691
620905146
621091629
621278140
621464679
621651246
621837841
622024464
622211115
622397794
622584501
622771236
622957999
623144790
623331609
623518456
623705331
623892234
624079165
624266124
624453111
624640126
624827169
625014240
625201339
625388466
625575621
625762804
625950015
626137254
626324521
626511816
626699139
626886490
627073869
627261276
627448711
627636174
627823665
628011184
628198731
628386306
628573909
628761540
628949199
629136886
629324601
629512344
629700115
629887914
630075741
630263596
630451479
630639390
630827329
631015296
631203291
631391314
631579365
631767444
631955551
632143686
632331849
632520040
632708259
632896506
633084781
633273084
633461415
633649774
633838161
634026576
634215019
634403490
634591989
634780516
634969071
635157654
635346265
635534904
635723571
635912266
636100989
636289740
636478519
636667326
636856161
637045024
637233915
637422834
637611781
637800756
637989759
638178790
638367849
638556936
638746051
638935194
639124365
639313564
639502791
639692046
639881329
640070640
640259979
640449346
640638741
640828164
641017615
641207094
641396601
641586136
641775699
641965290
642154909
642344556
642534231
642723934
642913665
643103424
643293211
643483026
643672869
643862740
644052639
644242566
644432521
644622504
644812515
645002554
645192621
645382716
645572839
645762990
645953169
646143376
646333611
646523874
646714165
646904484
647094831
647285206
647475609
647666040
647856499
648046986
648237501
648428044
648618615
648809214
648999841
649190496
649381179
649571890
649762629
649953396
650144191
650335014
650525865
650716744
650907651
651098586
651289549
651480540
651671559
651862606
652053681
652244784
652435915
652627074
652818261
653009476
653200719
653391990
653583289
653774616
653965971
654157354
654348765
654540204
654731671
654923166
655114689
655306240
655497819
655689426
655881061
656072724
656264415
656456134
656647881
656839656
657031459
657223290
657415149
657607036
657798951
657990894
658182865
658374864
658566891
658758946
658951029
659143140
659335279
659527446
659719641
659911864
660104115
660296394
660488701
660681036
660873399
661065790
661258209
661450656
661643131
661835634
662028165
662220724
662413311
662605926
662798569
662991240
663183939
663376666
663569421
663762204
663955015
664147854
664340721
664533616
664726539
664919490
665112469
665305476
665498511
665691574
665884665
666077784
666270931
666464106
666657309
666850540
667043799
667237086
667430401
667623744
667817115
668010514
668203941
668397396
668590879
668784390
668977929
669171496
669365091
669558714
669752365
669946044
670139751
670333486
670527249
670721040
670914859
671108706
671302581
671496484
671690415
671884374
672078361
672272376
672466419
672660490
672854589
673048716
673242871
673437054
673631265
673825504
674019771
674214066
674408389
674602740
674797119
674991526
675185961
675380424
675574915
675769434
675963981
676158556
676353159
676547790
676742449
676937136
677131851
677326594
677521365
677716164
677910991
678105846
678300729
678495640
678690579
678885546
679080541
679275564
679470615
679665694
679860801
680055936
680251099
680446290
680641509
680836756
681032031
681227334
681422665
681618024
681813411
682008826
682204269
682399740
682595239
682790766
682986321
683181904
683377515
683573154
683768821
683964516
684160239
684355990
684551769
684747576
684943411
685139274
685335165
685531084
685727031
685923006
686119009
686315040
686511099
686707186
686903301
687099444
687295615
687491814
687688041
687884296
688080579
688276890
688473229
688669596
688865991
689062414
689258865
689455344
689651851
689848386
690044949
690241540
690438159
690634806
690831481
691028184
691224915
691421674
691618461
691815276
692012119
692208990
692405889
692602816
692799771
692996754
693193765
693390804
693587871
693784966
693982089
694179240
694376419
694573626
694770861
694968124
695165415
695362734
695560081
695757456
695954859
696152290
696349749
696547236
696744751
696942294
697139865
697337464
697535091
697732746
697930429
698128140
698325879
698523646
698721441
698919264
699117115
699314994
699512901
699710836
699908799
700106790
700304809
700502856
700700931
700899034
701097165
701295324
701493511
701691726
701889969
702088240
702286539
702484866
702683221
702881604
703080015
703278454
703476921
703675416
703873939
704072490
704271069
704469676
704668311
704866974
705065665
705264384
705463131
705661906
705860709
706059540
706258399
706457286
706656201
706855144
707054115
707253114
707452141
707651196
707850279
708049390
708248529
708447696
708646891
708846114
709045365
709244644
709443951
709643286
709842649
710042040
710241459
710440906
710640381
710839884
711039415
711238974
711438561
711638176
711837819
712037490
712237189
712436916
712636671
712836454
713036265
713236104
713435971
713635866
713835789
714035740
714235719
714435726
714635761
714835824
715035915
715236034
715436181
715636356
715836559
716036790
716237049
716437336
716637651
716837994
717038365
717238764
717439191
717639646
717840129
718040640
718241179
718441746
718642341
718842964
719043615
719244294
719445001
719645736
719846499
720047290
720248109
720448956
720649831
720850734
721051665
721252624
721453611
721654626
721855669
722056740
722257839
722458966
722660121
722861304
723062515
723263754
723465021
723666316
723867639
724068990
724270369
724471776
724673211
724874674
725076165
725277684
725479231
725680806
725882409
726084040
726285699
726487386
726689101
726890844
727092615
727294414
727496241
727698096
727899979
728101890
728303829
728505796
728707791
728909814
729111865
729313944
729516051
729718186
729920349
730122540
730324759
730527006
730729281
730931584
731133915
731336274
731538661
731741076
731943519
732145990
732348489
732551016
732753571
732956154
733158765
733361404
733564071
733766766
733969489
734172240
734375019
734577826
734780661
734983524
735186415
735389334
735592281
735795256
735998259
736201290
736404349
736607436
736810551
737013694
737216865
737420064
737623291
737826546
738029829
738233140
738436479
738639846
738843241
739046664
739250115
739453594
739657101
739860636
740064199
740267790
740471409
740675056
740878731
741082434
741286165
741489924
741693711
741897526
742101369
742305240
742509139
742713066
742917021
743121004
743325015
743529054
743733121
743937216
744141339
744345490
744549669
744753876
744958111
745162374
745366665
745570984
745775331
745979706
746184109
746388540
746592999
746797486
747002001
747206544
747411115
747615714
747820341
748024996
748229679
748434390
748639129
748843896
749048691
749253514
749458365
749663244
749868151
750073086
750278049
750483040
750688059
750893106
751098181
751303284
751508415
751713574
751918761
752123976
752329219
752534490
752739789
752945116
753150471
753355854
753561265
753766704
753972171
754177666
754383189
754588740
754794319
754999926
755205561
755411224
755616915
755822634
756028381
756234156
756439959
756645790
756851649
757057536
757263451
757469394
757675365
757881364
758087391
758293446
758499529
758705640
758911779
759117946
759324141
759530364
759736615
759942894
760149201
760355536
760561899
760768290
760974709
761181156
761387631
761594134
761800665
762007224
762213811
762420426
762627069
762833740
763040439
763247166
763453921
763660704
763867515
764074354
764281221
764488116
764695039
764901990
765108969
765315976
765523011
765730074
765937165
766144284
766351431
766558606
766765809
766973040
767180299
767387586
767594901
767802244
768009615
768217014
768424441
768631896
768839379
769046890
769254429
769461996
769669591
769877214
770084865
770292544
770500251
770707986
770915749
771123540
771331359
771539206
771747081
771954984
772162915
772370874
772578861
772786876
772994919
773202990
773411089
773619216
773827371
774035554
774243765
774452004
774660271
774868566
775076889
775285240
775493619
775702026
775910461
776118924
776327415
776535934
776744481
776953056
777161659
777370290
777578949
777787636
777996351
778205094
778413865
778622664
778831491
779040346
779249229
779458140
779667079
779876046
780085041
780294064
780503115
780712194
780921301
781130436
781339599
781548790
781758009
781967256
782176531
782385834
782595165
782804524
783013911
783223326
783432769
783642240
783851739
784061266
784270821
784480404
784690015
784899654
785109321
785319016
785528739
785738490
785948269
786158076
786367911
786577774
786787665
786997584
787207531
787417506
787627509
787837540
788047599
788257686
788467801
788677944
788888115
789098314
789308541
789518796
789729079
789939390
790149729
790360096
790570491
790780914
790991365
791201844
791412351
791622886
791833449
792044040
792254659
792465306
792675981
792886684
793097415
793308174
793518961
793729776
793940619
794151490
794362389
794573316
794784271
794995254
795206265
795417304
795628371
795839466
796050589
796261740
796472919
796684126
796895361
797106624
797317915
797529234
797740581
797951956
798163359
798374790
798586249
798797736
799009251
799220794
799432365
799643964
799855591
800067246
800278929
800490640
800702379
800914146
801125941
801337764
801549615
801761494
801973401
802185336
802397299
802609290
802821309
803033356
803245431
803457534
803669665
803881824
804094011
804306226
804518469
804730740
804943039
805155366
805367721
805580104
805792515
806004954
806217421
806429916
806642439
806854990
807067569
807280176
807492811
807705474
807918165
808130884
808343631
808556406
808769209
808982040
809194899
809407786
809620701
809833644
810046615
810259614
810472641
810685696
810898779
811111890
811325029
811538196
811751391
811964614
812177865
812391144
812604451
812817786
813031149
813244540
813457959
813671406
813884881
814098384
814311915
814525474
814739061
814952676
815166319
815379990
815593689
815807416
816021171
816234954
816448765
816662604
816876471
817090366
817304289
817518240
817732219
817946226
818160261
818374324
818588415
818802534
819016681
819230856
819445059
819659290
819873549
820087836
820302151
820516494
820730865
820945264
821159691
821374146
821588629
821803140
822017679
822232246
822446841
822661464
822876115
823090794
823305501
823520236
823734999
823949790
824164609
824379456
824594331
824809234
825024165
825239124
825454111
825669126
825884169
826099240
826314339
826529466
826744621
826959804
827175015
827390254
827605521
827820816
828036139
828251490
828466869
828682276
828897711
829113174
829328665
829544184
829759731
829975306
830190909
830406540
830622199
830837886
831053601
831269344
831485115
831700914
831916741
832132596
832348479
832564390
832780329
832996296
833212291
833428314
833644365
833860444
834076551
834292686
834508849
834725040
834941259
835157506
835373781
835590084
835806415
836022774
836239161
836455576
836672019
836888490
837104989
837321516
837538071
837754654
837971265
838187904
838404571
838621266
838837989
839054740
839271519
839488326
839705161
839922024
840138915
840355834
840572781
840789756
841006759
841223790
841440849
841657936
841875051
842092194
842309365
842526564
842743791
842961046
843178329
843395640
843612979
843830346
844047741
844265164
844482615
844700094
844917601
845135136
845352699
845570290
845787909
846005556
846223231
846440934
846658665
846876424
847094211
847312026
847529869
847747740
847965639
848183566
848401521
848619504
848837515
849055554
849273621
849491716
849709839
849927990
850146169
850364376
850582611
850800874
851019165
851237484
851455831
851674206
851892609
852111040
852329499
852547986
852766501
852985044
853203615
853422214
853640841
853859496
854078179
854296890
854515629
854734396
854953191
855172014
855390865
855609744
855828651
856047586
856266549
856485540
856704559
856923606
857142681
857361784
857580915
857800074
858019261
858238476
858457719
858676990
858896289
859115616
859334971
859554354
859773765
859993204
860212671
860432166
860651689
860871240
861090819
861310426
861530061
861749724
861969415
862189134
862408881
862628656
862848459
863068290
863288149
863508036
863727951
863947894
864167865
864387864
864607891
864827946
865048029
865268140
865488279
865708446
865928641
866148864
866369115
866589394
866809701
867030036
867250399
867470790
867691209
867911656
868132131
868352634
868573165
868793724
869014311
869234926
869455569
869676240
869896939
870117666
870338421
870559204
870780015
871000854
871221721
871442616
871663539
871884490
872105469
872326476
872547511
872768574
872989665
873210784
873431931
873653106
873874309
874095540
874316799
874538086
874759401
874980744
875202115
875423514
875644941
875866396
876087879
876309390
876530929
876752496
876974091
877195714
877417365
877639044
877860751
878082486
878304249
878526040
878747859
878969706
879191581
879413484
879635415
879857374
880079361
880301376
880523419
880745490
880967589
881189716
881411871
881634054
881856265
882078504
882300771
882523066
882745389
882967740
883190119
883412526
883634961
883857424
884079915
884302434
884524981
884747556
884970159
885192790
885415449
885638136
885860851
886083594
886306365
886529164
886751991
886974846
887197729
887420640
887643579
887866546
888089541
888312564
888535615
888758694
888981801
889204936
889428099
889651290
889874509
890097756
890321031
890544334
890767665
890991024
891214411
891437826
891661269
891884740
892108239
892331766
892555321
892778904
893002515
893226154
893449821
893673516
893897239
894120990
894344769
894568576
894792411
895016274
895240165
895464084
895688031
895912006
896136009
896360040
896584099
896808186
897032301
897256444
897480615
897704814
897929041
898153296
898377579
898601890
898826229
899050596
899274991
899499414
899723865
899948344
900172851
900397386
900621949
900846540
901071159
901295806
901520481
901745184
901969915
902194674
902419461
902644276
902869119
903093990
903318889
903543816
903768771
903993754
904218765
904443804
904668871
904893966
905119089
905344240
905569419
905794626
906019861
906245124
906470415
906695734
906921081
907146456
907371859
907597290
907822749
908048236
908273751
908499294
908724865
908950464
909176091
909401746
909627429
909853140
910078879
910304646
910530441
910756264
910982115
911207994
911433901
911659836
911885799
912111790
912337809
912563856
912789931
913016034
913242165
913468324
913694511
913920726
914146969
914373240
914599539
914825866
915052221
915278604
915505015
915731454
915957921
916184416
916410939
916637490
916864069
917090676
917317311
917543974
917770665
917997384
918224131
918450906
918677709
918904540
919131399
919358286
919585201
919812144
920039115
920266114
920493141
920720196
920947279
921174390
921401529
921628696
921855891
922083114
922310365
922537644
922764951
922992286
923219649
923447040
923674459
923901906
924129381
924356884
924584415
924811974
925039561
925267176
925494819
925722490
925950189
926177916
926405671
926633454
926861265
927089104
927316971
927544866
927772789
928000740
928228719
928456726
928684761
928912824
929140915
929369034
929597181
929825356
930053559
930281790
930510049
930738336
930966651
931194994
931423365
931651764
931880191
932108646
932337129
932565640
932794179
933022746
933251341
933479964
933708615
933937294
934166001
934394736
934623499
934852290
935081109
935309956
935538831
935767734
935996665
936225624
936454611
936683626
936912669
937141740
937370839
937599966
937829121
938058304
938287515
938516754
938746021
938975316
939204639
939433990
939663369
939892776
940122211
940351674
940581165
940810684
941040231
941269806
941499409
941729040
941958699
942188386
942418101
942647844
942877615
943107414
943337241
943567096
943796979
944026890
944256829
944486796
944716791
944946814
945176865
945406944
945637051
945867186
946097349
946327540
946557759
946788006
947018281
947248584
947478915
947709274
947939661
948170076
948400519
948630990
948861489
949092016
949322571
949553154
949783765
950014404
950245071
950475766
950706489
950937240
951168019
951398826
951629661
951860524
952091415
952322334
952553281
952784256
953015259
953246290
953477349
953708436
953939551
954170694
954401865
954633064
954864291
955095546
955326829
955558140
955789479
956020846
956252241
956483664
956715115
956946594
957178101
957409636
957641199
957872790
958104409
958336056
958567731
958799434
959031165
959262924
959494711
959726526
959958369
960190240
960422139
960654066
960886021
961118004
961350015
961582054
961814121
962046216
962278339
962510490
962742669
962974876
963207111
963439374
963671665
963903984
964136331
964368706
964601109
964833540
965065999
965298486
965531001
965763544
965996115
966228714
966461341
966693996
966926679
967159390
967392129
967624896
967857691
968090514
968323365
968556244
968789151
969022086
969255049
969488040
969721059
969954106
970187181
970420284
970653415
970886574
971119761
971352976
971586219
971819490
972052789
972286116
972519471
972752854
972986265
973219704
973453171
973686666
973920189
974153740
974387319
974620926
974854561
975088224
975321915
975555634
975789381
976023156
976256959
976490790
976724649
976958536
977192451
977426394
977660365
977894364
978128391
978362446
978596529
978830640
979064779
979298946
979533141
979767364
980001615
980235894
980470201
980704536
980938899
981173290
981407709
981642156
981876631
982111134
982345665
982580224
982814811
983049426
983284069
983518740
983753439
983988166
984222921
984457704
984692515
984927354
985162221
985397116
985632039
985866990
986101969
986336976
986572011
986807074
987042165
987277284
987512431
987747606
987982809
988218040
988453299
988688586
988923901
989159244
989394615
989630014
989865441
990100896
990336379
990571890
990807429
991042996
991278591
991514214
991749865
991985544
992221251
992456986
992692749
992928540
993164359
993400206
993636081
993871984
994107915
994343874
994579861
994815876
995051919
995287990
995524089
995760216
995996371
996232554
996468765
996705004
996941271
997177566
997413889
997650240
997886619
998123026
998359461
998595924
998832415
999068934
999305481
999542056
999778659
1000015290
1000251949
1000488636
1000725351
1000962094
1001198865
1001435664
1001672491
1001909346
1002146229
1002383140
1002620079
1002857046
1003094041
1003331064
1003568115
1003805194
1004042301
1004279436
1004516599
1004753790
1004991009
1005228256
1005465531
1005702834
1005940165
1006177524
1006414911
1006652326
1006889769
1007127240
1007364739
1007602266
1007839821
1008077404
1008315015
1008552654
1008790321
1009028016
1009265739
1009503490
1009741269
1009979076
1010216911
1010454774
1010692665
1010930584
1011168531
1011406506
1011644509
1011882540
1012120599
1012358686
1012596801
1012834944
1013073115
1013311314
1013549541
1013787796
1014026079
1014264390
1014502729
1014741096
1014979491
1015217914
1015456365
1015694844
1015933351
1016171886
1016410449
1016649040
1016887659
1017126306
1017364981
1017603684
1017842415
1018081174
1018319961
1018558776
1018797619
1019036490
1019275389
1019514316
1019753271
1019992254
1020231265
1020470304
1020709371
1020948466
1021187589
1021426740
1021665919
1021905126
1022144361
1022383624
1022622915
1022862234
1023101581
1023340956
1023580359
1023819790
1024059249
1024298736
1024538251
1024777794
1025017365
1025256964
1025496591
1025736246
1025975929
1026215640
1026455379
1026695146
1026934941
1027174764
1027414615
1027654494
1027894401
1028134336
1028374299
1028614290
1028854309
1029094356
1029334431
1029574534
1029814665
1030054824
1030295011
1030535226
1030775469
1031015740
1031256039
1031496366
1031736721
1031977104
1032217515
1032457954
1032698421
1032938916
1033179439
1033419990
1033660569
1033901176
1034141811
1034382474
1034623165
1034863884
1035104631
1035345406
1035586209
1035827040
1036067899
1036308786
1036549701
1036790644
1037031615
1037272614
1037513641
1037754696
1037995779
1038236890
1038478029
1038719196
1038960391
1039201614
1039442865
1039684144
1039925451
1040166786
1040408149
1040649540
1040890959
1041132406
1041373881
1041615384
1041856915
1042098474
1042340061
1042581676
1042823319
1043064990
1043306689
1043548416
1043790171
1044031954
1044273765
1044515604
1044757471
1044999366
1045241289
1045483240
1045725219
1045967226
1046209261
1046451324
1046693415
1046935534
1047177681
1047419856
1047662059
1047904290
1048146549
1048388836
1048631151
1048873494
1049115865
1049358264
1049600691
1049843146
1050085629
1050328140
1050570679
1050813246
1051055841
1051298464
1051541115
1051783794
1052026501
1052269236
1052511999
1052754790
1052997609
1053240456
1053483331
1053726234
1053969165
1054212124
1054455111
1054698126
1054941169
1055184240
1055427339
1055670466
1055913621
1056156804
1056400015
1056643254
1056886521
1057129816
1057373139
1057616490
1057859869
1058103276
1058346711
1058590174
1058833665
1059077184
1059320731
1059564306
1059807909
1060051540
1060295199
1060538886
1060782601
1061026344
1061270115
1061513914
1061757741
1062001596
1062245479
1062489390
1062733329
1062977296
1063221291
1063465314
1063709365
1063953444
1064197551
1064441686
1064685849
1064930040
1065174259
1065418506
1065662781
1065907084
1066151415
1066395774
1066640161
1066884576
1067129019
1067373490
1067617989
1067862516
1068107071
1068351654
1068596265
1068840904
1069085571
1069330266
1069574989
1069819740
1070064519
1070309326
1070554161
1070799024
1071043915
1071288834
1071533781
1071778756
1072023759
1072268790
1072513849
1072758936
1073004051
1073249194
1073494365
1073739564
1073984791
1074230046
1074475329
1074720640
1074965979
1075211346
1075456741
1075702164
1075947615
1076193094
1076438601
1076684136
1076929699
1077175290
1077420909
1077666556
1077912231
1078157934
1078403665
1078649424
1078895211
1079141026
1079386869
1079632740
1079878639
1080124566
1080370521
1080616504
1080862515
1081108554
1081354621
1081600716
1081846839
1082092990
1082339169
1082585376
1082831611
1083077874
1083324165
1083570484
1083816831
1084063206
1084309609
1084556040
1084802499
1085048986
1085295501
1085542044
1085788615
1086035214
1086281841
1086528496
1086775179
1087021890
1087268629
1087515396
1087762191
1088009014
1088255865
1088502744
1088749651
1088996586
1089243549
1089490540
1089737559
1089984606
1090231681
1090478784
1090725915
1090973074
1091220261
1091467476
1091714719
1091961990
1092209289
1092456616
1092703971
1092951354
1093198765
1093446204
1093693671
1093941166
1094188689
1094436240
1094683819
1094931426
1095179061
1095426724
1095674415
1095922134
1096169881
1096417656
1096665459
1096913290
1097161149
1097409036
1097656951
1097904894
1098152865
1098400864
1098648891
1098896946
1099145029
1099393140
1099641279
1099889446
1100137641
1100385864
1100634115
1100882394
1101130701
1101379036
1101627399
1101875790
1102124209
1102372656
1102621131
1102869634
1103118165
1103366724
1103615311
1103863926
1104112569
1104361240
1104609939
1104858666
1105107421
1105356204
1105605015
1105853854
1106102721
1106351616
1106600539
1106849490
1107098469
1107347476
1107596511
1107845574
1108094665
1108343784
1108592931
1108842106
1109091309
1109340540
1109589799
1109839086
1110088401
1110337744
1110587115
1110836514
1111085941
1111335396
1111584879
1111834390
1112083929
1112333496
1112583091
1112832714
1113082365
1113332044
1113581751
1113831486
1114081249
1114331040
1114580859
1114830706
1115080581
1115330484
1115580415
1115830374
1116080361
1116330376
1116580419
1116830490
1117080589
1117330716
1117580871
1117831054
1118081265
1118331504
1118581771
1118832066
1119082389
1119332740
1119583119
1119833526
1120083961
1120334424
1120584915
1120835434
1121085981
1121336556
1121587159
1121837790
1122088449
1122339136
1122589851
1122840594
1123091365
1123342164
1123592991
1123843846
1124094729
1124345640
1124596579
1124847546
1125098541
1125349564
1125600615
1125851694
1126102801
1126353936
1126605099
1126856290
1127107509
1127358756
1127610031
1127861334
1128112665
1128364024
1128615411
1128866826
1129118269
1129369740
1129621239
1129872766
1130124321
1130375904
1130627515
1130879154
1131130821
1131382516
1131634239
1131885990
1132137769
1132389576
1132641411
1132893274
1133145165
1133397084
1133649031
1133901006
1134153009
1134405040
1134657099
1134909186
1135161301
1135413444
1135665615
1135917814
1136170041
1136422296
1136674579
1136926890
1137179229
1137431596
1137683991
1137936414
1138188865
1138441344
1138693851
1138946386
1139198949
1139451540
1139704159
1139956806
1140209481
1140462184
1140714915
1140967674
1141220461
1141473276
1141726119
1141978990
1142231889
1142484816
1142737771
1142990754
1143243765
1143496804
1143749871
1144002966
1144256089
1144509240
1144762419
1145015626
1145268861
1145522124
1145775415
1146028734
1146282081
1146535456
1146788859
1147042290
1147295749
1147549236
1147802751
1148056294
1148309865
1148563464
1148817091
1149070746
1149324429
1149578140
1149831879
1150085646
1150339441
1150593264
1150847115
1151100994
1151354901
1151608836
1151862799
1152116790
1152370809
1152624856
1152878931
1153133034
1153387165
1153641324
1153895511
1154149726
1154403969
1154658240
1154912539
1155166866
1155421221
1155675604
1155930015
1156184454
1156438921
1156693416
1156947939
1157202490
1157457069
1157711676
1157966311
1158220974
1158475665
1158730384
1158985131
1159239906
1159494709
1159749540
1160004399
1160259286
1160514201
1160769144
1161024115
1161279114
1161534141
1161789196
1162044279
1162299390
1162554529
1162809696
1163064891
1163320114
1163575365
1163830644
1164085951
1164341286
1164596649
1164852040
1165107459
1165362906
1165618381
1165873884
1166129415
1166384974
1166640561
1166896176
1167151819
1167407490
1167663189
1167918916
1168174671
1168430454
1168686265
1168942104
1169197971
1169453866
1169709789
1169965740
1170221719
1170477726
1170733761
1170989824
1171245915
1171502034
1171758181
1172014356
1172270559
1172526790
1172783049
1173039336
1173295651
1173551994
1173808365
1174064764
1174321191
1174577646
1174834129
1175090640
1175347179
1175603746
1175860341
1176116964
1176373615
1176630294
1176887001
1177143736
1177400499
1177657290
1177914109
1178170956
1178427831
1178684734
1178941665
1179198624
1179455611
1179712626
1179969669
1180226740
1180483839
1180740966
1180998121
1181255304
1181512515
1181769754
1182027021
1182284316
1182541639
1182798990
1183056369
1183313776
1183571211
1183828674
1184086165
1184343684
1184601231
1184858806
1185116409
1185374040
1185631699
1185889386
1186147101
1186404844
1186662615
1186920414
1187178241
1187436096
1187693979
1187951890
1188209829
1188467796
1188725791
1188983814
1189241865
1189499944
1189758051
1190016186
1190274349
1190532540
1190790759
1191049006
1191307281
1191565584
1191823915
1192082274
1192340661
1192599076
1192857519
1193115990
1193374489
1193633016
1193891571
1194150154
1194408765
1194667404
1194926071
1195184766
1195443489
1195702240
1195961019
1196219826
1196478661
1196737524
1196996415
1197255334
1197514281
1197773256
1198032259
1198291290
1198550349
1198809436
1199068551
1199327694
1199586865
1199846064
1200105291
1200364546
1200623829
1200883140
1201142479
1201401846
1201661241
1201920664
1202180115
1202439594
1202699101
1202958636
1203218199
1203477790
1203737409
1203997056
1204256731
1204516434
1204776165
1205035924
1205295711
1205555526
1205815369
1206075240
1206335139
1206595066
1206855021
1207115004
1207375015
1207635054
1207895121
1208155216
1208415339
1208675490
1208935669
1209195876
1209456111
1209716374
1209976665
1210236984
1210497331
1210757706
1211018109
1211278540
1211538999
1211799486
1212060001
1212320544
1212581115
1212841714
1213102341
1213362996
1213623679
1213884390
1214145129
1214405896
1214666691
1214927514
1215188365
1215449244
1215710151
1215971086
1216232049
1216493040
1216754059
1217015106
1217276181
1217537284
1217798415
1218059574
1218320761
1218581976
1218843219
1219104490
1219365789
1219627116
1219888471
1220149854
1220411265
1220672704
1220934171
1221195666
1221457189
1221718740
1221980319
1222241926
1222503561
1222765224
1223026915
1223288634
1223550381
1223812156
1224073959
1224335790
1224597649
1224859536
1225121451
1225383394
1225645365
1225907364
1226169391
1226431446
1226693529
1226955640
1227217779
1227479946
1227742141
1228004364
1228266615
1228528894
1228791201
1229053536
1229315899
1229578290
1229840709
1230103156
1230365631
1230628134
1230890665
1231153224
1231415811
1231678426
1231941069
1232203740
1232466439
1232729166
1232991921
1233254704
1233517515
1233780354
1234043221
1234306116
1234569039
1234831990
1235094969
1235357976
1235621011
1235884074
1236147165
1236410284
1236673431
1236936606
1237199809
1237463040
1237726299
1237989586
1238252901
1238516244
1238779615
1239043014
1239306441
1239569896
1239833379
1240096890
1240360429
1240623996
1240887591
1241151214
1241414865
1241678544
1241942251
1242205986
1242469749
1242733540
1242997359
1243261206
1243525081
1243788984
1244052915
1244316874
1244580861
1244844876
1245108919
1245372990
1245637089
1245901216
1246165371
1246429554
1246693765
1246958004
1247222271
1247486566
1247750889
1248015240
1248279619
1248544026
1248808461
1249072924
1249337415
1249601934
1249866481
1250131056
1250395659
1250660290
1250924949
1251189636
1251454351
1251719094
1251983865
1252248664
1252513491
1252778346
1253043229
1253308140
1253573079
1253838046
1254103041
1254368064
1254633115
1254898194
1255163301
1255428436
1255693599
1255958790
1256224009
1256489256
1256754531
1257019834
1257285165
1257550524
1257815911
1258081326
1258346769
1258612240
1258877739
1259143266
1259408821
1259674404
1259940015
1260205654
1260471321
1260737016
1261002739
1261268490
1261534269
1261800076
1262065911
1262331774
1262597665
1262863584
1263129531
1263395506
1263661509
1263927540
1264193599
1264459686
1264725801
1264991944
1265258115
1265524314
1265790541
1266056796
1266323079
1266589390
1266855729
1267122096
1267388491
1267654914
1267921365
1268187844
1268454351
1268720886
1268987449
1269254040
1269520659
1269787306
1270053981
1270320684
1270587415
1270854174
1271120961
1271387776
1271654619
1271921490
1272188389
1272455316
1272722271
1272989254
1273256265
1273523304
1273790371
1274057466
1274324589
1274591740
1274858919
1275126126
1275393361
1275660624
1275927915
1276195234
1276462581
1276729956
1276997359
1277264790
1277532249
1277799736
1278067251
1278334794
1278602365
1278869964
1279137591
1279405246
1279672929
1279940640
1280208379
1280476146
1280743941
1281011764
1281279615
1281547494
1281815401
1282083336
1282351299
1282619290
1282887309
1283155356
1283423431
1283691534
1283959665
1284227824
1284496011
1284764226
1285032469
1285300740
1285569039
1285837366
1286105721
1286374104
1286642515
1286910954
1287179421
1287447916
1287716439
1287984990
1288253569
1288522176
1288790811
1289059474
1289328165
1289596884
1289865631
1290134406
1290403209
1290672040
1290940899
1291209786
1291478701
1291747644
1292016615
1292285614
1292554641
1292823696
1293092779
1293361890
1293631029
1293900196
1294169391
1294438614
1294707865
1294977144
1295246451
1295515786
1295785149
1296054540
1296323959
1296593406
1296862881
1297132384
1297401915
1297671474
1297941061
1298210676
1298480319
1298749990
1299019689
1299289416
1299559171
1299828954
1300098765
1300368604
1300638471
1300908366
1301178289
1301448240
1301718219
1301988226
1302258261
1302528324
1302798415
1303068534
1303338681
1303608856
1303879059
1304149290
1304419549
1304689836
1304960151
1305230494
1305500865
1305771264
1306041691
1306312146
1306582629
1306853140
1307123679
1307394246
1307664841
1307935464
1308206115
1308476794
1308747501
1309018236
1309288999
1309559790
1309830609
1310101456
1310372331
1310643234
1310914165
1311185124
1311456111
1311727126
1311998169
1312269240
1312540339
1312811466
1313082621
1313353804
1313625015
1313896254
1314167521
1314438816
1314710139
1314981490
1315252869
1315524276
1315795711
1316067174
1316338665
1316610184
1316881731
1317153306
1317424909
1317696540
1317968199
1318239886
1318511601
1318783344
1319055115
1319326914
1319598741
1319870596
1320142479
1320414390
1320686329
1320958296
1321230291
1321502314
1321774365
1322046444
1322318551
1322590686
1322862849
1323135040
1323407259
1323679506
1323951781
1324224084
1324496415
1324768774
1325041161
1325313576
1325586019
1325858490
1326130989
1326403516
1326676071
1326948654
1327221265
1327493904
1327766571
1328039266
1328311989
1328584740
1328857519
1329130326
1329403161
1329676024
1329948915
1330221834
1330494781
1330767756
1331040759
1331313790
1331586849
1331859936
1332133051
1332406194
1332679365
1332952564
1333225791
1333499046
1333772329
1334045640
1334318979
1334592346
1334865741
1335139164
1335412615
1335686094
1335959601
1336233136
1336506699
1336780290
1337053909
1337327556
1337601231
1337874934
1338148665
1338422424
1338696211
1338970026
1339243869
1339517740
1339791639
1340065566
1340339521
1340613504
1340887515
1341161554
1341435621
1341709716
1341983839
1342257990
1342532169
1342806376
1343080611
1343354874
1343629165
1343903484
1344177831
1344452206
1344726609
1345001040
1345275499
1345549986
1345824501
1346099044
1346373615
1346648214
1346922841
1347197496
1347472179
1347746890
1348021629
1348296396
1348571191
1348846014
1349120865
1349395744
1349670651
1349945586
1350220549
1350495540
1350770559
1351045606
1351320681
1351595784
1351870915
1352146074
1352421261
1352696476
1352971719
1353246990
1353522289
1353797616
1354072971
1354348354
1354623765
1354899204
1355174671
1355450166
1355725689
1356001240
1356276819
1356552426
1356828061
1357103724
1357379415
1357655134
1357930881
1358206656
1358482459
1358758290
1359034149
1359310036
1359585951
1359861894
1360137865
1360413864
1360689891
1360965946
1361242029
1361518140
1361794279
1362070446
1362346641
1362622864
1362899115
1363175394
1363451701
1363728036
1364004399
1364280790
1364557209
1364833656
1365110131
1365386634
1365663165
1365939724
1366216311
1366492926
1366769569
1367046240
1367322939
1367599666
1367876421
1368153204
1368430015
1368706854
1368983721
1369260616
1369537539
1369814490
1370091469
1370368476
1370645511
1370922574
1371199665
1371476784
1371753931
1372031106
1372308309
1372585540
1372862799
1373140086
1373417401
1373694744
1373972115
1374249514
1374526941
1374804396
1375081879
1375359390
1375636929
1375914496
1376192091
1376469714
1376747365
1377025044
1377302751
1377580486
1377858249
1378136040
1378413859
1378691706
1378969581
1379247484
1379525415
1379803374
1380081361
1380359376
1380637419
1380915490
1381193589
1381471716
1381749871
1382028054
1382306265
1382584504
1382862771
1383141066
1383419389
1383697740
1383976119
1384254526
1384532961
1384811424
1385089915
1385368434
1385646981
1385925556
1386204159
1386482790
1386761449
1387040136
1387318851
1387597594
1387876365
1388155164
1388433991
1388712846
1388991729
1389270640
1389549579
1389828546
1390107541
1390386564
1390665615
1390944694
1391223801
1391502936
1391782099
1392061290
1392340509
1392619756
1392899031
1393178334
1393457665
1393737024
1394016411
1394295826
1394575269
1394854740
1395134239
1395413766
1395693321
1395972904
1396252515
1396532154
1396811821
1397091516
1397371239
1397650990
1397930769
1398210576
1398490411
1398770274
1399050165
1399330084
1399610031
1399890006